0, 29.068797636705572, Server_03, 3.4704019320064656, 5306.810224089649, 0.0, 2
1, 33.04651178755301, Server_03, 4.694143310325732, 4803.009787902873, 0.0, 6
2, 37.239746698730485, Server_03, 4.694143310325732, 4556.148273275547, 0.0, 6
3, 41.86176889669352, Server_03, 4.694143310325732, 4133.472143084848, 0.0, 6
4, 47.08464535835386, Server_03, 4.694143310325732, 3657.945988239316, 0.0, 6
5, 50.59211090164936, Server_03, 4.3882382694953606, 3468.3163240914278, 0.0, 5
6, 54.234593082064634, Server_03, 4.3882382694953606, 3339.755528635996, 0.0, 5
7, 58.141109417165296, Server_03, 4.3882382694953606, 3114.02768003184, 0.0, 5
8, 62.32125424190757, Server_03, 4.3882382694953606, 2910.186251920121, 0.0, 5
9, 66.59649527773611, Server_03, 4.3882382694953606, 2845.4536008733876, 0.0, 5
10, 71.19179562774414, Server_03, 4.3882382694953606, 2647.2698351433633, 0.0, 5
11, 75.91147637945586, Server_03, 4.3882382694953606, 2577.5048440698097, 0.0, 5
12, 80.84660294572718, Server_03, 4.3882382694953606, 2464.982374138203, 0.0, 5
13, 85.97477546115412, Server_03, 4.3882382694953606, 2372.1900859232733, 0.0, 5
14, 89.32291500754587, Server_03, 4.082246213541479, 2313.2249694749717, 0.0, 4
15, 92.7242194759212, Server_03, 4.082246213541479, 2277.0675404132476, 0.0, 4
16, 96.15820875427171, Server_03, 4.082246213541479, 2255.3943452380995, 0.0, 4
17, 99.6175510740121, Server_03, 4.082246213541479, 2238.864872031872, 0.0, 4
18, 103.14932795129116, Server_03, 4.082246213541479, 2192.947139392023, 0.0, 4
19, 106.66141295179263, Server_03, 4.082246213541479, 2205.2427543451063, 0.0, 4
20, 110.27388424825949, Server_03, 4.082246213541479, 2143.961671771595, 0.0, 4
21, 113.90813545946096, Server_03, 4.082246213541479, 2131.112999599036, 0.0, 4
22, 117.42577218602247, Server_03, 4.082246213541479, 2201.7623200024827, 0.0, 4
23, 121.10937245072809, Server_03, 4.082246213541479, 2102.562559300651, 0.0, 4
24, 124.80707172076565, Server_03, 4.082246213541479, 2094.545671346964, 0.0, 4
25, 128.66039947941394, Server_03, 4.082246213541479, 2009.9510047172496, 0.0, 4
26, 137.22879703723746, Server_03, 4.082246213541479, 2170.442019000801, 0.0, 4
27, 141.25372249899158, Server_03, 4.082246213541479, 1924.2592374927146, 0.0, 4
28, 145.16674188166715, Server_03, 4.082246213541479, 1979.2899657717178, 0.0, 4
29, 149.0464577022043, Server_03, 4.082246213541479, 1996.280232434063, 0.0, 4
30, 157.2575619288685, Server_03, 4.082246213541479, 2411.942887336832, 0.0, 4
31, 160.78427272536646, Server_03, 4.082246213541479, 2196.0972835342322, 0.0, 4
32, 164.64505696845808, Server_03, 4.082246213541479, 2006.0691072956738, 0.0, 4
33, 168.6469530134037, Server_03, 4.082246213541479, 1935.3326305869184, 0.0, 4
34, 177.9388182858988, Server_03, 4.082246213541479, 1804.5766836239475, 0.0, 4
35, 182.00633038716805, Server_03, 4.082246213541479, 1904.1123436567568, 0.0, 4
36, 186.0234880250236, Server_03, 4.082246213541479, 1927.9801038961623, 0.0, 4
37, 190.06206128017226, Server_03, 4.082246213541479, 1917.756472567662, 0.0, 4
38, 194.389786914859, Server_03, 4.082246213541479, 1789.6236161377203, 0.0, 4
39, 198.7216990779841, Server_03, 4.082246213541479, 1787.8940542535454, 0.0, 4
40, 208.32253691762392, Server_03, 4.082246213541479, 1683.3890412895626, 0.0, 4
41, 212.98289681002203, Server_03, 4.082246213541479, 1661.8888194951433, 0.0, 4
42, 217.8408004868635, Server_03, 4.082246213541479, 1594.3090919900021, 0.0, 4
43, 222.7623954040976, Server_03, 4.082246213541479, 1573.6768527777635, 0.0, 4
44, 227.75191397762813, Server_03, 4.082246213541479, 1552.253967163749, 0.0, 4
45, 232.72547056071585, Server_03, 4.082246213541479, 1557.235726710422, 0.0, 4
46, 236.49760178367302, Server_03, 4.082246213541479, 2053.2159519965717, 0.0, 4
47, 239.65663520965361, Server_03, 4.082246213541479, 2451.6992876059467, 0.0, 4
48, 245.27351523205363, Server_03, 4.3882382694953606, 2165.793100704699, 0.0, 5
49, 250.30449961979252, Server_03, 4.082246213541479, 1539.4601539363707, 0.0, 4
50, 253.5833053929884, Server_03, 3.7761233727051735, 1503.5962301587329, 0.0, 3
51, 260.0456147960619, Server_03, 3.7761233727051735, 3371.3795381730088, 0.0, 3
52, 264.5249350988068, Server_03, 4.3882382694953606, 2715.813823928906, 0.0, 5
53, 272.50583092920687, Server_03, 4.3882382694953606, 1524.26497707967, 0.0, 5
54, 275.8392834652893, Server_03, 3.7761233727051735, 1478.9471116315435, 0.0, 3
55, 278.9328790692547, Server_03, 3.7761233727051735, 1593.614884143471, 0.0, 3
56, 288.19382691934476, Server_03, 4.082246213541479, 1817.670685604911, 0.0, 4
57, 292.3522125756782, Server_03, 4.082246213541479, 1862.501614828326, 0.0, 4
58, 296.4060719864181, Server_03, 4.082246213541479, 1910.5250614960019, 0.0, 4
59, 301.25615765408713, Server_03, 4.082246213541479, 1596.8790101231948, 0.0, 4
60, 306.42787843021836, Server_03, 4.082246213541479, 1497.5673156495802, 0.0, 4
61, 309.63698656934844, Server_03, 3.7761233727051735, 1536.2523748845733, 0.0, 3
62, 312.3381906107669, Server_03, 3.7761233727051735, 1825.1120331550906, 0.0, 3
63, 319.94280642852755, Server_03, 4.082246213541479, 2973.5671369218935, 0.0, 4
64, 327.1772429069911, Server_03, 4.3882382694953606, 1681.5407856872296, 0.0, 5
65, 332.3816182635671, Server_03, 4.082246213541479, 1488.1709080060607, 0.0, 4
66, 335.32316526281346, Server_03, 3.7761233727051735, 1675.9888593529363, 0.0, 3
67, 338.89172986081184, Server_03, 4.082246213541479, 2170.3404232458643, 0.0, 4
68, 348.78154011811125, Server_03, 4.082246213541479, 1583.906039797436, 0.0, 4
69, 353.82435957106827, Server_03, 4.082246213541479, 1535.8471728466245, 0.0, 4
70, 357.11750435344874, Server_03, 3.7761233727051735, 1497.0492722874835, 0.0, 3
71, 359.87743197754276, Server_03, 3.7761233727051735, 1786.278725920697, 0.0, 3
72, 362.7691686239636, Server_03, 4.082246213541479, 2678.321350454283, 0.0, 4
73, 375.1056163253094, Server_03, 4.3882382694953606, 1658.1594383571214, 0.0, 5
74, 380.42829970675274, Server_03, 4.082246213541479, 1455.093125960058, 0.0, 4
75, 383.7023929803006, Server_03, 3.7761233727051735, 1505.7604008506971, 0.0, 3
76, 386.7092674936573, Server_03, 3.7761233727051735, 1639.5762370862708, 0.0, 3
77, 391.22456332261936, Server_03, 4.082246213541479, 1715.280746462269, 0.0, 4
78, 396.4514105572263, Server_03, 4.082246213541479, 1481.7727881389649, 0.0, 4
79, 399.75584539248086, Server_03, 3.7761233727051735, 1491.9343990090345, 0.0, 3
80, 402.17663087997727, Server_03, 3.7761233727051735, 2036.5290627624543, 0.0, 3
81, 411.795417063069, Server_03, 4.082246213541479, 1676.8474861106515, 0.0, 4
82, 417.20395017647104, Server_03, 4.082246213541479, 1431.9964096749898, 0.0, 4
83, 420.6466962383267, Server_03, 3.7761233727051735, 1431.996409674992, 0.0, 3
84, 423.9928029821697, Server_03, 3.7761233727051735, 1473.3540730795419, 0.0, 3
85, 431.36936627416344, Server_03, 3.7761233727051735, 2074.4240292729983, 0.0, 3
86, 436.6726560327836, Server_03, 4.082246213541479, 1460.4142621871613, 0.0, 4
87, 440.11540209463925, Server_03, 3.7761233727051735, 1431.996409674992, 0.0, 3
88, 443.5072675520339, Server_03, 3.7761233727051735, 1453.4774630438335, 0.0, 3
89, 450.7859035021138, Server_03, 3.7761233727051735, 2163.575098438676, 0.0, 3
90, 455.7035884159808, Server_03, 4.082246213541479, 1574.9280679127053, 0.0, 4
91, 461.0674028090202, Server_03, 4.082246213541479, 1443.935123864578, 0.0, 4
92, 464.3500118438511, Server_03, 3.7761233727051735, 1501.8541494552264, 0.0, 3
93, 466.90292538988774, Server_03, 3.7761233727051735, 1931.1268913331548, 0.0, 3
94, 476.3980430630509, Server_03, 4.082246213541479, 1722.9804786289176, 0.0, 4
95, 481.80657617645295, Server_03, 4.082246213541479, 1431.9964096749898, 0.0, 4
96, 485.2158643276255, Server_03, 3.7761233727051735, 1446.0496682582839, 0.0, 3
97, 488.33887322718147, Server_03, 3.7761233727051735, 1578.605812074693, 0.0, 3
98, 496.5895453797279, Server_03, 4.082246213541479, 2382.5841661494283, 0.0, 4
99, 501.5279561883983, Server_03, 4.082246213541479, 1568.3182910587375, 0.0, 4
100, 506.93648930180035, Server_03, 4.082246213541479, 1431.9964096749898, 0.0, 4
101, 510.31007038599097, Server_03, 3.7761233727051735, 1461.3551229294949, 0.0, 3
102, 512.9744010684343, Server_03, 3.7761233727051735, 1850.3709139733824, 0.0, 3
103, 522.8268586029283, Server_03, 4.082246213541479, 1596.0984604077905, 0.0, 4
104, 528.2353917163304, Server_03, 4.082246213541479, 1431.9964096749748, 0.0, 4
105, 531.6580443640786, Server_03, 3.7761233727051735, 1440.40325074864, 0.0, 3
106, 534.9211744933197, Server_03, 3.7761233727051735, 1510.8193068434623, 0.0, 3
107, 537.5539455796593, Server_03, 3.7761233727051735, 1872.551710089703, 0.0, 3
108, 547.690972990321, Server_03, 4.082246213541479, 1507.6812679499212, 0.0, 4
109, 551.1337190521767, Server_03, 3.7761233727051735, 1431.9964096749684, 0.0, 3
110, 554.5747345062199, Server_03, 3.7761233727051735, 1432.7166110827218, 0.0, 3
111, 557.8371924848617, Server_03, 3.7761233727051735, 1511.1305746388218, 0.0, 3
112, 565.0200034350001, Server_03, 3.7761233727051735, 2258.5556480222494, 0.0, 3
113, 569.1093882070383, Server_03, 4.082246213541479, 1893.927921128337, 0.0, 4
114, 574.1502066486946, Server_03, 4.082246213541479, 1536.456845181486, 0.0, 4
115, 577.5657460103886, Server_03, 3.7761233727051735, 1443.4030698902366, 0.0, 3
116, 585.5437830244283, Server_03, 3.7761233727051735, 1655.452896239332, 0.0, 3
117, 590.6259930349515, Server_03, 4.082246213541479, 1523.943320713469, 0.0, 4
118, 594.0687390968072, Server_03, 3.7761233727051735, 1431.9964096749684, 0.0, 3
119, 600.2622007472213, Server_03, 3.7761233727051735, 4130.840734002273, 0.0, 3
120, 602.413118101139, Server_03, 4.694143310325732, 8882.256663744683, 0.0, 6
121, 627.9680539622125, Server_03, 4.9999536060530145, 1459.5034595468362, 0.0, 7
122, 630.5483678831645, Server_03, 3.7761233727051735, 1910.6202388665565, 0.0, 3
123, 634.799427225931, Server_03, 4.082246213541479, 1821.8988199208768, 0.0, 4
124, 640.1102789078152, Server_03, 4.082246213541479, 1458.334832889222, 0.0, 4
125, 643.5530249696709, Server_03, 3.7761233727051735, 1431.9964096749684, 0.0, 3
126, 646.8528168944032, Server_03, 3.7761233727051735, 1494.0335974062873, 0.0, 3
127, 649.3476201063193, Server_03, 3.7761233727051735, 1976.1077653149446, 0.0, 3
128, 652.5295655140625, Server_03, 4.082246213541479, 2434.045531124648, 0.0, 4
129, 659.6289395473076, Server_03, 4.3882382694953606, 1713.5313540367724, 0.0, 5
130, 664.9759246697117, Server_03, 4.082246213541479, 1448.4798110898164, 0.0, 4
131, 668.1755084474488, Server_03, 3.7761233727051735, 1540.8254143252257, 0.0, 3
132, 670.8494694417026, Server_03, 3.7761233727051735, 1843.7067745544357, 0.0, 3
133, 674.0290477903129, Server_03, 4.082246213541479, 2435.8575731857736, 0.0, 4
134, 678.7848158606172, Server_03, 4.3882382694953606, 2557.9464389695713, 0.0, 5
135, 686.9111891956976, Server_03, 4.3882382694953606, 1496.9777412865587, 0.0, 5
136, 690.209753060675, Server_03, 3.7761233727051735, 1494.5898281201855, 0.0, 3
137, 693.210322837827, Server_03, 3.7761233727051735, 1643.0212813378764, 0.0, 3
138, 697.588630789592, Server_03, 4.082246213541479, 1768.948206778783, 0.0, 4
139, 702.3692637189737, Server_03, 4.082246213541479, 1620.078369204917, 0.0, 4
140, 707.4360749262235, Server_03, 4.082246213541479, 1528.5748142575715, 0.0, 4
141, 710.8662072494187, Server_03, 3.7761233727051735, 1437.2623372755381, 0.0, 3
142, 714.0447580384132, Server_03, 3.7761233727051735, 1551.0213072793456, 0.0, 3
143, 720.5736132879224, Server_03, 4.082246213541479, 5065.881810908066, 0.0, 4
144, 731.3631985682931, Server_03, 4.694143310325732, 1770.6890027327888, 0.0, 6
145, 736.7597867975743, Server_03, 4.082246213541479, 1435.1660106243883, 0.0, 4
146, 740.0932393336568, Server_03, 3.7761233727051735, 1478.9471116315183, 0.0, 3
147, 743.2784622499883, Server_03, 3.7761233727051735, 1547.7723630338862, 0.0, 3
148, 745.7758202864327, Server_03, 3.7761233727051735, 1974.0861855030544, 0.0, 3
149, 749.3087261378415, Server_03, 4.082246213541479, 2192.2463619888154, 0.0, 4
150, 753.821500311702, Server_03, 4.082246213541479, 1716.2392137549446, 0.0, 4
151, 764.1493558273789, Server_03, 4.082246213541479, 1453.6805619466957, 0.0, 4
152, 766.9987989318595, Server_03, 3.7761233727051735, 1730.1626385338009, 0.0, 3
153, 770.6212544144048, Server_03, 4.082246213541479, 2138.052499835822, 0.0, 4
154, 775.1353264724122, Server_03, 4.082246213541479, 1715.7457613600423, 0.0, 4
155, 780.2832761010715, Server_03, 4.082246213541479, 1504.4824752912582, 0.0, 4
156, 783.4306591586629, Server_03, 3.7761233727051735, 1566.3806755612, 0.0, 3
157, 792.5138626154097, Server_03, 4.082246213541479, 1896.7950243093392, 0.0, 4
158, 797.179825487373, Server_03, 4.082246213541479, 1659.893190864832, 0.0, 4
159, 802.2828285951069, Server_03, 4.082246213541479, 1517.7337415809097, 0.0, 4
160, 805.654024930199, Server_03, 3.7761233727051735, 1462.3888702897061, 0.0, 3
161, 808.4317848832052, Server_03, 3.7761233727051735, 1774.8113888187108, 0.0, 3
162, 815.6802276097239, Server_03, 4.082246213541479, 3444.606308469996, 0.0, 4
163, 823.8233936812804, Server_03, 4.3882382694953606, 1493.8906922814076, 0.0, 5
164, 827.2661397431361, Server_03, 3.7761233727051735, 1431.9964096749684, 0.0, 3
165, 830.6851008279717, Server_03, 3.7761233727051735, 1441.9585007464561, 0.0, 3
166, 833.9436587771924, Server_03, 3.7761233727051735, 1512.9391825543992, 0.0, 3
167, 841.6503371985949, Server_03, 3.7761233727051735, 1821.4206612122591, 0.0, 3
168, 846.6323316069121, Server_03, 4.082246213541479, 1554.598292416814, 0.0, 4
169, 851.96197791475, Server_03, 4.082246213541479, 1453.192116822078, 0.0, 4
170, 855.24542910495, Server_03, 3.7761233727051735, 1501.4689466724913, 0.0, 3
171, 857.9720131472219, Server_03, 3.7761233727051735, 1808.1232500326785, 0.0, 3
172, 866.9546780337959, Server_03, 4.082246213541479, 1944.6778025711697, 0.0, 4
173, 872.0434291880265, Server_03, 4.082246213541479, 1521.9844251100858, 0.0, 4
174, 875.4754430935585, Server_03, 3.7761233727051735, 1436.4743662761389, 0.0, 3
175, 878.7352766851649, Server_03, 3.7761233727051735, 1512.3471371956189, 0.0, 3
176, 885.4066822267366, Server_03, 3.7761233727051735, 2949.6132909574794, 0.0, 3
177, 891.0784176647438, Server_03, 4.3882382694953606, 2144.8461644526637, 0.0, 5
178, 896.4869507781459, Server_03, 4.082246213541479, 1431.9964096749748, 0.0, 4
179, 899.862178581785, Server_03, 3.7761233727051735, 1460.6421512303941, 0.0, 3
180, 902.7495899471658, Server_03, 3.7761233727051735, 1707.4117180216344, 0.0, 3
181, 911.7486362138616, Server_03, 4.082246213541479, 1936.7117766304955, 0.0, 4
182, 916.7405457450471, Server_03, 4.082246213541479, 1551.5104894460248, 0.0, 4
183, 922.1397067977997, Server_03, 4.082246213541479, 1434.4821212642844, 0.0, 4
184, 925.2848899761017, Server_03, 3.7761233727051735, 1567.4762710201226, 0.0, 3
185, 929.1488933601263, Server_03, 4.082246213541479, 2004.397830504246, 0.0, 4
186, 932.4086745620953, Server_03, 4.082246213541479, 2375.92633374347, 0.0, 4
187, 942.4830238760005, Server_03, 4.082246213541479, 1526.3040679474602, 0.0, 4
188, 945.9179371844868, Server_03, 3.7761233727051735, 1435.2618413454263, 0.0, 3
189, 949.0422056727252, Server_03, 3.7761233727051735, 1577.9693770108004, 0.0, 3
190, 957.0975888908306, Server_03, 4.082246213541479, 2534.87024282429, 0.0, 4
191, 960.9961856605075, Server_03, 4.3882382694953606, 3120.353480672497, 0.0, 5
192, 969.0792740587576, Server_03, 4.3882382694953606, 1504.9940568055167, 0.0, 5
193, 972.5220201206133, Server_03, 3.7761233727051735, 1431.9964096749684, 0.0, 3
194, 975.8848081132583, Server_03, 3.7761233727051735, 1466.0454393148937, 0.0, 3
195, 978.2457484430233, Server_03, 3.7761233727051735, 2088.151037891994, 0.0, 3
196, 987.4674355000699, Server_03, 4.082246213541479, 1834.5746369505468, 0.0, 4
197, 992.875968613472, Server_03, 4.082246213541479, 1431.9964096749748, 0.0, 4
198, 996.3187146753277, Server_03, 3.7761233727051735, 1431.9964096749684, 0.0, 3
199, 999.7025569158292, Server_03, 3.7761233727051735, 1456.9237126342334, 0.0, 3
200, 1002.4552478163517, Server_03, 3.7761233727051735, 1790.9747872760058, 0.0, 3
201, 1012.7482050222053, Server_03, 4.082246213541479, 1463.2651840514973, 0.0, 4
202, 1016.1169721554824, Server_03, 3.7761233727051735, 1463.4433918868733, 0.0, 3
203, 1019.1371844997867, Server_03, 3.7761233727051735, 1632.3355572323264, 0.0, 3
204, 1022.6884874052018, Server_03, 4.082246213541479, 2180.88972027427, 0.0, 4
205, 1032.673641069777, Server_03, 4.082246213541479, 1553.6130922175041, 0.0, 4
206, 1037.973428326534, Server_03, 4.082246213541479, 1461.3794148293998, 0.0, 4
207, 1041.174240398993, Server_03, 3.7761233727051735, 1540.2341307131219, 0.0, 3
208, 1043.5456138552045, Server_03, 3.7761233727051735, 2078.9639805939505, 0.0, 3
209, 1053.3369127039966, Server_03, 4.082246213541479, 1616.4719096894632, 0.0, 4
210, 1058.7454458173986, Server_03, 4.082246213541479, 1431.9964096750048, 0.0, 4
211, 1062.028102265549, Server_03, 3.7761233727051735, 1501.8324573007817, 0.0, 3
212, 1064.9024921989442, Server_03, 3.7761233727051735, 1715.146557786897, 0.0, 3
213, 1068.6934950607656, Server_03, 4.082246213541479, 2042.9950285711038, 0.0, 4
214, 1078.9773282137046, Server_03, 4.082246213541479, 1465.7919309378728, 0.0, 4
215, 1082.2316009062492, Server_03, 3.7761233727051735, 1514.9314350006225, 0.0, 3
216, 1084.6129362480754, Server_03, 3.7761233727051735, 2070.267010869394, 0.0, 3
217, 1087.0119042459353, Server_03, 4.082246213541479, 3228.4715789911183, 0.0, 4
218, 1100.174133036635, Server_03, 4.3882382694953606, 1490.4017409878284, 0.0, 5
219, 1103.6168790984907, Server_03, 3.7761233727051735, 1431.9964096750157, 0.0, 3
220, 1107.0596251603463, Server_03, 3.7761233727051735, 1431.9964096750157, 0.0, 3
221, 1110.4958703706384, Server_03, 3.7761233727051735, 1434.7055283580657, 0.0, 3
222, 1113.4692749669184, Server_03, 3.7761233727051735, 1658.032010230906, 0.0, 3
223, 1122.5587935272101, Server_03, 4.082246213541479, 1893.8659614366793, 0.0, 4
224, 1127.9501283571662, Server_03, 4.082246213541479, 1436.5644583909163, 0.0, 4
225, 1131.3928744190218, Server_03, 3.7761233727051735, 1431.9964096750157, 0.0, 3
226, 1134.8287749283534, Server_03, 3.7761233727051735, 1434.8494627858568, 0.0, 3
227, 1138.003346406689, Server_03, 3.7761233727051735, 1552.965505311227, 0.0, 3
228, 1146.5934048224608, Server_03, 4.082246213541479, 2157.3465116819893, 0.0, 4
229, 1151.8602078678923, Server_03, 4.082246213541479, 1470.5315412768473, 0.0, 4
230, 1155.302953929748, Server_03, 3.7761233727051735, 1431.9964096750157, 0.0, 3
231, 1158.6425137467725, Server_03, 3.7761233727051735, 1476.242460119329, 0.0, 3
232, 1166.321892205261, Server_03, 3.7761233727051735, 1839.9789639202163, 0.0, 3
233, 1171.5359969260126, Server_03, 4.082246213541479, 1485.394025397276, 0.0, 4
234, 1174.9787429878681, Server_03, 3.7761233727051735, 1431.9964096750157, 0.0, 3
235, 1178.1456310658032, Server_03, 3.7761233727051735, 1556.7332594887948, 0.0, 3
236, 1185.3753327688937, Server_03, 4.082246213541479, 3473.5588124926417, 0.0, 4
237, 1193.0058474607838, Server_03, 4.3882382694953606, 1594.2568085124437, 0.0, 5
238, 1198.4143805741858, Server_03, 4.082246213541479, 1431.9964096750048, 0.0, 4
239, 1201.738614352553, Server_03, 3.7761233727051735, 1483.0485244697497, 0.0, 3
240, 1204.3807617915593, Server_03, 3.7761233727051735, 1865.906469570132, 0.0, 3
241, 1208.2707503283552, Server_03, 4.082246213541479, 1991.0084378755735, 0.0, 4
242, 1218.6309481019598, Server_03, 4.082246213541479, 1444.9093722136536, 0.0, 4
243, 1221.7376962826445, Server_03, 3.7761233727051735, 1586.8682343328796, 0.0, 3
244, 1224.4769062052194, Server_03, 4.082246213541479, 2827.457631549311, 0.0, 4
245, 1227.6250596747855, Server_03, 4.3882382694953606, 3864.1699388552315, 0.0, 5
246, 1245.7985757593392, Server_03, 4.694143310325732, 1450.258220916515, 0.0, 6
247, 1248.2487490965957, Server_03, 3.7761233727051735, 2012.1025419043212, 0.0, 3
248, 1250.2854674638913, Server_03, 4.082246213541479, 3802.685793168278, 0.0, 4
249, 1255.807227837035, Server_03, 4.3882382694953606, 2203.1017606571895, 0.0, 5
250, 1261.156444318541, Server_03, 4.082246213541479, 1447.875595758214, 0.0, 4
251, 1264.5604423248885, Server_03, 3.7761233727051735, 1448.2969704467516, 0.0, 3
252, 1267.6594912467303, Server_03, 3.7761233727051735, 1590.8106404044838, 0.0, 3
253, 1271.3423243666125, Server_03, 4.082246213541479, 2103.000529181679, 0.0, 4
254, 1274.8356792935365, Server_03, 4.082246213541479, 2217.066448160688, 0.0, 4
255, 1278.3732552038057, Server_03, 4.082246213541479, 2189.352312558752, 0.0, 4
256, 1288.6734936633306, Server_03, 4.082246213541479, 1461.2550094008698, 0.0, 4
257, 1292.1162397251862, Server_03, 3.7761233727051735, 1431.9964096750157, 0.0, 3
258, 1294.9481842220323, Server_03, 3.7761233727051735, 1740.853327277615, 0.0, 3
259, 1297.3908160643796, Server_03, 4.082246213541479, 3170.7602700197876, 0.0, 4
260, 1310.4297236160603, Server_03, 4.3882382694953606, 1513.2653189246616, 0.0, 5
261, 1313.846331326377, Server_03, 3.7761233727051735, 1442.9517281464966, 0.0, 3
262, 1317.1625411135194, Server_03, 3.7761233727051735, 1486.6369489392494, 0.0, 3
263, 1320.228909532109, Server_03, 3.7761233727051735, 1607.7650585338886, 0.0, 3
264, 1324.5875089272558, Server_03, 4.082246213541479, 1776.946972604005, 0.0, 4
265, 1329.8078386814211, Server_03, 4.082246213541479, 1483.622752723676, 0.0, 4
266, 1333.2217580890172, Server_03, 3.7761233727051735, 1444.0879855074052, 0.0, 3
267, 1340.2671248901424, Server_03, 3.7761233727051735, 2410.3256185089645, 0.0, 3
268, 1343.7202829226067, Server_03, 4.082246213541479, 2242.874472348742, 0.0, 4
269, 1353.9851260274008, Server_03, 4.082246213541479, 1471.0789753539627, 0.0, 4
270, 1357.413252687939, Server_03, 3.7761233727051735, 1438.1032231831894, 0.0, 3
271, 1360.3279777791863, Server_03, 3.7761233727051735, 1691.4116582741258, 0.0, 3
272, 1362.3492963164513, Server_03, 4.082246213541479, 3831.6573351569486, 0.0, 4
273, 1380.3058583194513, Server_03, 4.694143310325732, 1474.54239755703, 0.0, 6
274, 1383.212346305936, Server_03, 3.7761233727051735, 1696.205187471827, 0.0, 3
275, 1386.3973482493193, Server_03, 4.082246213541479, 2431.7096622468644, 0.0, 4
276, 1390.1923733092906, Server_03, 4.082246213541479, 2040.8297383044378, 0.0, 4
277, 1394.8800025200323, Server_03, 4.082246213541479, 1652.2211232603968, 0.0, 4
278, 1400.288007323936, Server_03, 4.082246213541479, 1432.136301803852, 0.0, 4
279, 1403.3724341728666, Server_03, 3.7761233727051735, 1598.352057436272, 0.0, 3
280, 1407.8254454878427, Server_03, 4.082246213541479, 1739.272472529452, 0.0, 4
281, 1412.9631972690597, Server_03, 4.082246213541479, 1507.4687002814562, 0.0, 4
282, 1416.3891783183105, Server_03, 3.7761233727051735, 1439.0038733804643, 0.0, 3
283, 1419.2146556490482, Server_03, 3.7761233727051735, 1744.8379239740655, 0.0, 3
284, 1421.7574410738152, Server_03, 4.082246213541479, 3045.872421857781, 0.0, 4
285, 1434.9961089209985, Server_03, 4.3882382694953606, 1476.5736676906008, 0.0, 5
286, 1438.438854982854, Server_03, 3.7761233727051735, 1431.9964096750157, 0.0, 3
287, 1441.6198460709209, Server_03, 3.7761233727051735, 1549.8314404257485, 0.0, 3
288, 1445.78890626306, Server_03, 4.082246213541479, 1857.7328325946041, 0.0, 4
289, 1450.619690267048, Server_03, 4.082246213541479, 1603.2594282017153, 0.0, 4
290, 1455.9565538916609, Server_03, 4.082246213541479, 1451.2268899436178, 0.0, 4
291, 1459.2759271791547, Server_03, 3.7761233727051735, 1485.2201222967099, 0.0, 3
292, 1461.7995296281426, Server_03, 3.7761233727051735, 1953.5565128243875, 0.0, 3
293, 1470.9087089225002, Server_03, 4.082246213541479, 1884.8045911831894, 0.0, 4
294, 1476.1964610542595, Server_03, 4.082246213541479, 1464.7055699683588, 0.0, 4
295, 1479.6392071161151, Server_03, 3.7761233727051735, 1431.9964096750157, 0.0, 3
296, 1482.996187333562, Server_03, 3.7761233727051735, 1468.581785015581, 0.0, 3
297, 1490.0859334424208, Server_03, 3.7761233727051735, 2359.138260433004, 0.0, 3
298, 1494.0423732145846, Server_03, 4.082246213541479, 1957.568027318728, 0.0, 4
299, 1504.1767761641017, Server_03, 4.082246213541479, 1508.451922482701, 0.0, 4
300, 1506.6231222383353, Server_03, 3.7761233727051735, 2015.2504389815376, 0.0, 3
301, 1508.8924801368637, Server_03, 4.082246213541479, 3412.8596485474895, 0.0, 4
302, 1522.325085539202, Server_03, 4.3882382694953606, 1442.6146391987743, 0.0, 5
303, 1525.6406377941905, Server_03, 3.7761233727051735, 1486.9317751160456, 0.0, 3
304, 1528.5883888390597, Server_03, 3.7761233727051735, 1672.46145449804, 0.0, 3
305, 1532.0434406057393, Server_03, 4.082246213541479, 2241.6451396452217, 0.0, 4
306, 1534.569395553094, Server_03, 4.082246213541479, 3066.1671175533393, 0.0, 4
307, 1539.0209958299338, Server_03, 4.3882382694953606, 2732.7251423022835, 0.0, 5
308, 1552.4873503233712, Server_03, 4.3882382694953606, 1436.86400202467, 0.0, 5
309, 1555.1056452914775, Server_03, 3.7761233727051735, 1882.9047376452345, 0.0, 3
310, 1558.274353047757, Server_03, 4.082246213541479, 2444.214044243017, 0.0, 4
311, 1564.248299574902, Server_03, 4.3882382694953606, 2036.3422981313029, 0.0, 5
312, 1568.7981247051086, Server_03, 4.082246213541479, 1702.263225146874, 0.0, 4
313, 1573.8596303260658, Server_03, 4.082246213541479, 1530.177101440292, 0.0, 4
314, 1577.2181707698442, Server_03, 3.7761233727051735, 1467.8995481899808, 0.0, 3
315, 1579.948955894238, Server_03, 3.7761233727051735, 1805.3416052258372, 0.0, 3
316, 1582.3928996921013, Server_03, 4.082246213541479, 3169.058145597001, 0.0, 4
317, 1595.4349951205018, Server_03, 4.3882382694953606, 1512.6654624166272, 0.0, 5
318, 1598.8024120958908, Server_03, 3.7761233727051735, 1464.0301560606358, 0.0, 3
319, 1601.7430380110466, Server_03, 3.7761233727051735, 1676.5138246898669, 0.0, 3
320, 1604.4398577202778, Server_03, 4.082246213541479, 2871.9012893182153, 0.0, 4
321, 1608.2025636161902, Server_03, 4.3882382694953606, 3233.04566886702, 0.0, 5
322, 1621.6702815302776, Server_03, 4.3882382694953606, 1436.6326468860705, 0.0, 5
323, 1624.4054822628111, Server_03, 3.7761233727051735, 1802.427127691494, 0.0, 3
324, 1627.5103197976684, Server_03, 4.082246213541479, 2494.494450369334, 0.0, 4
325, 1634.183660792219, Server_03, 4.3882382694953606, 1822.9249801462388, 0.0, 5
326, 1639.5494505859463, Server_03, 4.082246213541479, 1443.4035431380432, 0.0, 4
327, 1642.9307485273257, Server_03, 3.7761233727051735, 1458.0199927572023, 0.0, 3
328, 1646.1812121383339, Server_03, 3.7761233727051735, 1516.7067194057586, 0.0, 3
329, 1648.2808431801327, Server_03, 3.7761233727051735, 2348.0315835758893, 0.0, 3
330, 1657.9087144346458, Server_03, 4.082246213541479, 1673.555631532967, 0.0, 4
331, 1663.3172475480478, Server_03, 4.082246213541479, 1431.9964096750048, 0.0, 4
332, 1666.7599936099034, Server_03, 3.7761233727051735, 1431.9964096750157, 0.0, 3
333, 1670.0929859948415, Server_03, 3.7761233727051735, 1479.1512942780487, 0.0, 3
334, 1672.7782373837088, Server_03, 3.7761233727051735, 1835.9547342342444, 0.0, 3
335, 1682.887787470835, Server_03, 4.082246213541479, 1515.7890358123311, 0.0, 4
336, 1686.3305335326907, Server_03, 3.7761233727051735, 1431.9964096750157, 0.0, 3
337, 1689.6786350502316, Server_03, 3.7761233727051735, 1472.4762598061504, 0.0, 3
338, 1692.5922476163678, Server_03, 3.7761233727051735, 1692.0575018447992, 0.0, 3
339, 1701.1449747316144, Server_03, 4.082246213541479, 2180.0154497546746, 0.0, 4
340, 1706.4514833392961, Server_03, 4.082246213541479, 1459.5283966539298, 0.0, 4
341, 1709.8942294011517, Server_03, 3.7761233727051735, 1431.9964096750157, 0.0, 3
342, 1713.3296928769369, Server_03, 3.7761233727051735, 1435.0319934265397, 0.0, 3
343, 1719.4269614637033, Server_03, 3.7761233727051735, 4492.9747005047, 0.0, 3
344, 1729.2637834360123, Server_03, 4.694143310325732, 1942.1923110717205, 0.0, 6
345, 1734.6723165494143, Server_03, 4.082246213541479, 1431.9964096750048, 0.0, 4
346, 1738.0962836245092, Server_03, 3.7761233727051735, 1439.8502940812855, 0.0, 3
347, 1741.1164003446452, Server_03, 3.7761233727051735, 1632.387240907031, 0.0, 3
348, 1743.9726276321214, Server_03, 4.082246213541479, 2711.6189366160093, 0.0, 4
349, 1756.6776916697693, Server_03, 4.3882382694953606, 1578.8317839488923, 0.0, 5
350, 1761.8809223390235, Server_03, 4.082246213541479, 1488.498298905907, 0.0, 4
351, 1764.9753278832784, Server_03, 3.7761233727051735, 1593.197765933793, 0.0, 3
352, 1770.2417331288202, Server_03, 4.082246213541479, 1470.6426184267516, 0.0, 4
353, 1773.45935933262, Server_03, 3.7761233727051735, 1532.1854335280407, 0.0, 3
354, 1775.9827755209144, Server_03, 3.7761233727051735, 1953.7007105165746, 0.0, 3
355, 1779.5150799536932, Server_03, 4.082246213541479, 2192.6196191156564, 0.0, 4
356, 1783.8543329312315, Server_03, 4.082246213541479, 1784.8694326169013, 0.0, 4
357, 1793.95598880662, Server_03, 4.082246213541479, 1518.1345408582802, 0.0, 4
358, 1796.0395991259688, Server_03, 3.7761233727051735, 2366.0854211650026, 0.0, 3
359, 1798.0098584408415, Server_03, 4.082246213541479, 3930.954642130669, 0.0, 4
360, 1815.993070257046, Server_03, 4.694143310325732, 1471.515698153747, 0.0, 6
361, 1819.3837999480857, Server_03, 3.7761233727051735, 1453.9643230859488, 0.0, 3
362, 1822.7004275572606, Server_03, 3.7761233727051735, 1486.4496654257864, 0.0, 3
363, 1825.5873050799175, Server_03, 3.7761233727051735, 1707.7274533845264, 0.0, 3
364, 1828.9509652879958, Server_03, 4.082246213541479, 2302.551245039366, 0.0, 4
365, 1832.8471064265336, Server_03, 4.082246213541479, 1987.864331554125, 0.0, 4
366, 1837.2503095504144, Server_03, 4.082246213541479, 1758.9467898937066, 0.0, 4
367, 1842.4956669858486, Server_03, 4.082246213541479, 1476.5437999858289, 0.0, 4
368, 1845.722451820142, Server_03, 3.7761233727051735, 1527.8366092481353, 0.0, 3
369, 1848.4088212002732, Server_03, 3.7761233727051735, 1835.190661590653, 0.0, 3
370, 1856.8892796706493, Server_03, 4.082246213541479, 2225.281544348684, 0.0, 4
371, 1860.9612071591612, Server_03, 4.082246213541479, 1902.0476228643597, 0.0, 4
372, 1865.860817328661, Server_03, 4.082246213541479, 1580.7380040585522, 0.0, 4
373, 1871.269350442063, Server_03, 4.082246213541479, 1431.9964096750048, 0.0, 4
374, 1874.5697555260488, Server_03, 3.7761233727051735, 1493.7560313190613, 0.0, 3
375, 1877.3800848970045, Server_03, 3.7761233727051735, 1754.2427770035356, 0.0, 3
376, 1885.4088405810417, Server_03, 4.082246213541479, 2557.155745780187, 0.0, 4
377, 1893.6795140634974, Server_03, 4.3882382694953606, 1470.8596616472757, 0.0, 5
378, 1897.0881520708401, Server_03, 3.7761233727051735, 1446.3254793791782, 0.0, 3
379, 1900.3221595511523, Server_03, 3.7761233727051735, 1524.4244269726246, 0.0, 3
380, 1903.2671528173123, Server_03, 3.7761233727051735, 1674.027596819661, 0.0, 3
381, 1913.1353005672663, Server_03, 4.082246213541479, 1590.9541776075255, 0.0, 4
382, 1918.4045998282793, Server_03, 4.082246213541479, 1469.8349090370498, 0.0, 4
383, 1921.1397471186192, Server_03, 3.7761233727051735, 1802.4623454144312, 0.0, 3
384, 1924.9052758382372, Server_03, 4.082246213541479, 2056.816074632313, 0.0, 4
385, 1929.87316744074, Server_03, 4.082246213541479, 1559.0114720092145, 0.0, 4
386, 1935.1724142064356, Server_03, 4.082246213541479, 1461.5284666750667, 0.0, 4
387, 1938.5012399571299, Server_03, 3.7761233727051735, 1481.0027226483135, 0.0, 3
388, 1945.5368994613375, Server_03, 3.7761233727051735, 2421.819557647001, 0.0, 3
389, 1950.6870459165812, Server_03, 4.082246213541479, 1503.8407290562338, 0.0, 4
390, 1954.1297919784367, Server_03, 3.7761233727051735, 1431.9964096750157, 0.0, 3
391, 1957.3867164813119, Server_03, 3.7761233727051735, 1513.6979674069676, 0.0, 3
392, 1964.941041673156, Server_03, 3.7761233727051735, 1930.059655576108, 0.0, 3
393, 1970.0747510165957, Server_03, 4.082246213541479, 1508.655726662287, 0.0, 4
394, 1973.481598359534, Server_03, 3.7761233727051735, 1447.085678851679, 0.0, 3
395, 1980.980072127658, Server_03, 3.7761233727051735, 1973.2046271198446, 0.0, 3
396, 1984.70027914998, Server_03, 4.082246213541479, 2081.8733886390823, 0.0, 4
397, 1988.5623152036417, Server_03, 4.082246213541479, 2005.4188755324076, 0.0, 4
398, 1998.7111680673934, Server_03, 4.082246213541479, 1504.2185521604952, 0.0, 4
399, 2002.1294181488142, Server_03, 3.7761233727051735, 1442.258431235302, 0.0, 3
400, 2004.983698989966, Server_03, 3.7761233727051735, 1727.2301761346082, 0.0, 3
401, 2007.8913860066207, Server_03, 4.082246213541479, 2663.6291855477616, 0.0, 4
402, 2020.836894196029, Server_03, 4.3882382694953606, 1531.0537362753291, 0.0, 5
403, 2024.2796402578847, Server_03, 3.7761233727051735, 1431.9964096750157, 0.0, 3
404, 2027.7223863197403, Server_03, 3.7761233727051735, 1431.9964096750157, 0.0, 3
405, 2031.152710150346, Server_03, 3.7761233727051735, 1437.1820980906048, 0.0, 3
406, 2034.165466993673, Server_03, 3.7761233727051735, 1636.3750068046597, 0.0, 3
407, 2036.5752290961252, Server_03, 4.082246213541479, 3214.010209604619, 0.0, 4
408, 2049.9414309937824, Server_03, 4.3882382694953606, 1454.0648371642278, 0.0, 5
409, 2053.3841770556382, Server_03, 3.7761233727051735, 1431.996409674921, 0.0, 3
410, 2056.7804161863473, Server_03, 3.7761233727051735, 1451.6056762383157, 0.0, 3
411, 2059.763454142388, Server_03, 3.7761233727051735, 1652.6775966817731, 0.0, 3
412, 2062.726189311582, Server_03, 4.082246213541479, 2614.1384760040723, 0.0, 4
413, 2076.179688268971, Server_03, 4.3882382694953606, 1439.0490921356138, 0.0, 5
414, 2079.4658593979484, Server_03, 3.7761233727051735, 1500.2261922780767, 0.0, 3
415, 2082.237364295306, Server_03, 3.7761233727051735, 1778.8169902568238, 0.0, 3
416, 2085.226973709643, Server_03, 4.082246213541479, 2590.6394202728643, 0.0, 4
417, 2090.5898852591563, Server_03, 4.3882382694953606, 2268.357381561546, 0.0, 5
418, 2095.9720939865374, Server_03, 4.082246213541479, 1439.0003049488905, 0.0, 4
419, 2099.3962754634076, Server_03, 3.7761233727051735, 1439.760139262869, 0.0, 3
420, 2102.592256177077, Server_03, 3.7761233727051735, 1542.5625001158103, 0.0, 3
421, 2108.243296045793, Server_03, 3.7761233727051735, 7572.500912614013, 0.0, 3
422, 2132.5064824643027, Server_03, 4.9999536060530145, 1557.374743109668, 0.0, 7
423, 2137.8712334609904, Server_03, 4.082246213541479, 1443.6830348290025, 0.0, 4
424, 2140.792548332017, Server_03, 3.7761233727051735, 1687.5962426699348, 0.0, 3
425, 2143.7871738698072, Server_03, 4.082246213541479, 2586.299990520582, 0.0, 4
426, 2151.0682136143787, Server_03, 4.3882382694953606, 1670.777859586594, 0.0, 5
427, 2156.440332225938, Server_03, 4.082246213541479, 1441.7030896031733, 0.0, 4
428, 2159.732345628823, Server_03, 3.7761233727051735, 1497.563769236031, 0.0, 3
429, 2161.8268650956156, Server_03, 3.7761233727051735, 2353.7618428296487, 0.0, 3
430, 2164.0251137493738, Server_03, 4.082246213541479, 3523.2592940562663, 0.0, 4
431, 2170.518003837313, Server_03, 4.3882382694953606, 1873.5878530574983, 0.0, 5
432, 2175.903008214148, Server_03, 4.082246213541479, 1438.2532414117973, 0.0, 4
433, 2179.095167385378, Server_03, 3.7761233727051735, 1544.4092025337934, 0.0, 3
434, 2181.588984063837, Server_03, 3.7761233727051735, 1976.8894973652168, 0.0, 3
435, 2184.5423091505786, Server_03, 4.082246213541479, 2622.4678193300206, 0.0, 4
436, 2191.23319508718, Server_03, 4.3882382694953606, 1818.1448787601657, 0.0, 5
437, 2196.468425764086, Server_03, 4.082246213541479, 1479.399949684156, 0.0, 4
438, 2199.8804642247796, Server_03, 3.7761233727051735, 1444.8840647001025, 0.0, 3
439, 2202.670977817121, Server_03, 3.7761233727051735, 1766.6998697050608, 0.0, 3
440, 2205.34476617459, Server_03, 4.082246213541479, 2896.6391368881837, 0.0, 4
441, 2210.15045889638, Server_03, 4.3882382694953606, 2531.3728330655877, 0.0, 5
442, 2218.5893996400687, Server_03, 4.3882382694953606, 1441.5316293218161, 0.0, 5
443, 2221.9898329378652, Server_03, 3.7761233727051735, 1449.8152347804, 0.0, 3
444, 2225.238166930678, Server_03, 3.7761233727051735, 1517.701077200903, 0.0, 3
445, 2227.571841352505, Server_03, 3.7761233727051735, 2112.5483288880705, 0.0, 3
446, 2236.6686691239574, Server_03, 4.082246213541479, 1890.4870870991836, 0.0, 4
447, 2242.0772022373594, Server_03, 4.082246213541479, 1431.9964096750048, 0.0, 4
448, 2245.5199482992152, Server_03, 3.7761233727051735, 1431.996409674921, 0.0, 3
449, 2248.8772139296707, Server_03, 3.7761233727051735, 1468.456935691198, 0.0, 3
450, 2256.7318345195886, Server_03, 3.7761233727051735, 1727.0246061462806, 0.0, 3
451, 2262.079981610531, Server_03, 4.082246213541479, 1448.16510621351, 0.0, 4
452, 2265.469227353481, Server_03, 3.7761233727051735, 1454.6009271398261, 0.0, 3
453, 2268.542809957045, Server_03, 3.7761233727051735, 1603.9913794031738, 0.0, 3
454, 2278.4800101460078, Server_03, 4.082246213541479, 1568.7028484917494, 0.0, 4
455, 2283.8061650553373, Server_03, 4.082246213541479, 1454.1447126206513, 0.0, 4
456, 2286.6341152878613, Server_03, 3.7761233727051735, 1743.312150016109, 0.0, 3
457, 2289.541043218327, Server_03, 4.082246213541479, 2664.3247391272225, 0.0, 4
458, 2295.0205172589162, Server_03, 4.3882382694953606, 2220.103592039657, 0.0, 5
459, 2300.3979033838086, Server_03, 4.082246213541479, 1440.2908439376763, 0.0, 4
460, 2303.8212388258703, Server_03, 3.7761233727051735, 1440.115958087635, 0.0, 3
461, 2311.4441942052345, Server_03, 3.7761233727051735, 1879.5592326069627, 0.0, 3
462, 2315.665361894419, Server_03, 4.082246213541479, 1834.8003610100097, 0.0, 4
463, 2320.863254064851, Server_03, 4.082246213541479, 1490.0270621344448, 0.0, 4
464, 2324.2937459977884, Server_03, 3.7761233727051735, 1437.1116727211033, 0.0, 3
465, 2327.4810636808684, Server_03, 3.7761233727051735, 1546.755137139647, 0.0, 3
466, 2333.3437246455687, Server_03, 3.7761233727051735, 5714.87548612153, 0.0, 3
467, 2351.3523041573635, Server_03, 4.694143310325732, 1468.6461333212935, 0.0, 6
468, 2354.509487184809, Server_03, 3.7761233727051735, 1561.5185933609628, 0.0, 3
469, 2359.473120346058, Server_03, 4.082246213541479, 1560.348992037836, 0.0, 4
470, 2364.7986409554637, Server_03, 4.082246213541479, 1454.3179095619034, 0.0, 4
471, 2367.646537544134, Server_03, 3.7761233727051735, 1731.1021824363372, 0.0, 3
472, 2370.7547638989745, Server_03, 4.082246213541479, 2491.7747666409273, 0.0, 4
473, 2378.3561392344527, Server_03, 4.3882382694953606, 1600.3682837790914, 0.0, 5
474, 2383.3634410142663, Server_03, 4.082246213541479, 1546.7412072552038, 0.0, 4
475, 2385.7759335373244, Server_03, 3.7761233727051735, 2043.5296494725537, 0.0, 3
476, 2389.875942538532, Server_03, 4.082246213541479, 1889.0202430577235, 0.0, 4
477, 2394.774921951496, Server_03, 4.082246213541479, 1580.9415282507423, 0.0, 4
478, 2400.004140924389, Server_03, 4.082246213541479, 1481.1007227174512, 0.0, 4
479, 2403.257768300912, Server_03, 3.7761233727051735, 1515.2319025752324, 0.0, 3
480, 2405.9085000189234, Server_03, 3.7761233727051735, 1859.8638128866705, 0.0, 3
481, 2408.1433456490354, Server_03, 4.082246213541479, 3465.563748853623, 0.0, 4
482, 2421.0274934738322, Server_03, 4.3882382694953606, 1542.9695472907304, 0.0, 5
483, 2424.470239535688, Server_03, 3.7761233727051735, 1431.996409674921, 0.0, 3
484, 2427.912985597544, Server_03, 3.7761233727051735, 1431.996409674921, 0.0, 3
485, 2431.3557316593997, Server_03, 3.7761233727051735, 1431.996409674921, 0.0, 3
486, 2434.2951728292965, Server_03, 3.7761233727051735, 1677.1895455805693, 0.0, 3
487, 2438.4005315494246, Server_03, 4.082246213541479, 1886.5586488281917, 0.0, 4
488, 2448.5460029762125, Server_03, 4.082246213541479, 1505.207075814008, 0.0, 4
489, 2451.9374576818623, Server_03, 3.7761233727051735, 1453.653499127458, 0.0, 3
490, 2454.6545477535933, Server_03, 3.7761233727051735, 1814.4411373374667, 0.0, 3
491, 2458.573848554058, Server_03, 4.082246213541479, 1976.1177807740853, 0.0, 4
492, 2468.4318203442817, Server_03, 4.082246213541479, 1594.2867382609882, 0.0, 4
493, 2473.6866866750092, Server_03, 4.082246213541479, 1473.871933661107, 0.0, 4
494, 2476.9702483760702, Server_03, 3.7761233727051735, 1501.4184135498385, 0.0, 3
495, 2479.631742177135, Server_03, 3.7761233727051735, 1852.3432209489315, 0.0, 3
496, 2483.5551825955545, Server_03, 4.082246213541479, 1974.0327809336513, 0.0, 4
497, 2493.2055851893992, Server_03, 4.082246213541479, 1665.4472045605694, 0.0, 4
498, 2498.2456809950495, Server_03, 4.082246213541479, 1536.6771384221279, 0.0, 4
499, 2501.604593619541, Server_03, 3.7761233727051735, 1467.7368991538895, 0.0, 3
500, 2504.6769434271864, Server_03, 3.7761233727051735, 1604.6349890666374, 0.0, 3
501, 2509.130716212353, Server_03, 4.082246213541479, 1738.9751057339247, 0.0, 4
502, 2514.4380633627006, Server_03, 4.082246213541479, 1459.2977961678566, 0.0, 4
503, 2517.8549387702, Server_03, 3.7761233727051735, 1442.8386792153756, 0.0, 3
504, 2523.401406399066, Server_03, 3.7761233727051735, 9021.577380949739, 0.0, 3
505, 2548.2552482690676, Server_03, 4.9999536060530145, 1511.0425577293038, 0.0, 7
506, 2551.67498937481, Server_03, 3.7761233727051735, 1441.6295993054432, 0.0, 3
507, 2554.497084954352, Server_03, 3.7761233727051735, 1746.9287843186294, 0.0, 3
508, 2557.932961207714, Server_03, 4.082246213541479, 2254.155688063981, 0.0, 4
509, 2562.742943208338, Server_03, 4.082246213541479, 1610.193135648954, 0.0, 4
510, 2568.15147632174, Server_03, 4.082246213541479, 1431.9964096750048, 0.0, 4
511, 2571.587676121434, Server_03, 3.7761233727051735, 1434.7244885001087, 0.0, 3
512, 2574.466100455457, Server_03, 3.7761233727051735, 1712.7426077273024, 0.0, 3
513, 2577.4405714249606, Server_03, 4.082246213541479, 2603.824370587892, 0.0, 4
514, 2584.26687171621, Server_03, 4.3882382694953606, 1782.0780629287738, 0.0, 5
515, 2589.635646932639, Server_03, 4.082246213541479, 1442.600907614813, 0.0, 4
516, 2592.682158521093, Server_03, 3.7761233727051735, 1618.2442957657722, 0.0, 3
517, 2595.843723590283, Server_03, 4.082246213541479, 2449.7360739071955, 0.0, 4
518, 2601.8174277757494, Server_03, 4.3882382694953606, 2036.4249086180935, 0.0, 5
519, 2607.152168785564, Server_03, 4.082246213541479, 1451.8043117278414, 0.0, 4
520, 2610.5949148474197, Server_03, 3.7761233727051735, 1431.996409674921, 0.0, 3
521, 2613.480416040624, Server_03, 3.7761233727051735, 1708.542007056165, 0.0, 3
522, 2616.835207521935, Server_03, 4.082246213541479, 2308.6382695156326, 0.0, 4
523, 2620.833230886806, Server_03, 4.082246213541479, 1937.2072879943103, 0.0, 4
524, 2625.6370668138134, Server_03, 4.082246213541479, 1612.253232142584, 0.0, 4
525, 2631.0225910155577, Server_03, 4.082246213541479, 1438.1144174398826, 0.0, 4
526, 2634.049933299688, Server_03, 3.7761233727051735, 1628.4911111122094, 0.0, 3
527, 2641.2023179218304, Server_03, 4.082246213541479, 3598.334572884256, 0.0, 4
528, 2649.0651628154974, Server_03, 4.3882382694953606, 1547.149939304808, 0.0, 5
529, 2652.507908877353, Server_03, 3.7761233727051735, 1431.996409674921, 0.0, 3
530, 2655.950654939209, Server_03, 3.7761233727051735, 1431.996409674921, 0.0, 3
531, 2659.0412004503964, Server_03, 3.7761233727051735, 1595.1876399017428, 0.0, 3
532, 2668.4132372548715, Server_03, 4.082246213541479, 1771.4855446945055, 0.0, 4
533, 2672.7247075939977, Server_03, 4.082246213541479, 1796.3709339978475, 0.0, 4
534, 2677.969966974156, Server_03, 4.082246213541479, 1476.5714026074545, 0.0, 4
535, 2681.4004129752802, Server_03, 3.7761233727051735, 1437.13091486764, 0.0, 3
536, 2684.4310973173006, Server_03, 3.7761233727051735, 1626.6953082661032, 0.0, 3
537, 2688.438150149427, Server_03, 4.082246213541479, 1932.841997466135, 0.0, 4
538, 2697.4467741614385, Server_03, 4.082246213541479, 1932.0844201883644, 0.0, 4
539, 2701.493077397045, Server_03, 4.082246213541479, 1914.0928272122196, 0.0, 4
540, 2706.5738725666733, Server_03, 4.082246213541479, 1524.3676907696592, 0.0, 4
541, 2710.0108305684985, Server_03, 3.7761233727051735, 1434.4079844391508, 0.0, 3
542, 2713.252862291396, Server_03, 3.7761233727051735, 1520.6513758581787, 0.0, 3
543, 2719.076472595787, Server_03, 3.7761233727051735, 5985.8406016976305, 0.0, 3
544, 2730.4117910333957, Server_03, 4.694143310325732, 1685.440078737683, 0.0, 6
545, 2735.7201994203765, Server_03, 4.082246213541479, 1459.006058952648, 0.0, 4
546, 2738.59035103452, Server_03, 3.7761233727051735, 1717.6792946079026, 0.0, 3
547, 2742.554715659195, Server_03, 4.082246213541479, 1953.6548055629314, 0.0, 4
548, 2747.5116173139345, Server_03, 4.082246213541479, 1562.4679566912394, 0.0, 4
549, 2752.5927473896186, Server_03, 4.082246213541479, 1524.2672170633753, 0.0, 4
550, 2754.9431634239068, Server_03, 3.7761233727051735, 2097.5010075154873, 0.0, 3
551, 2757.9093376443448, Server_03, 4.082246213541479, 2611.107583173695, 0.0, 4
552, 2771.174252258201, Server_03, 4.3882382694953606, 1471.8845346091678, 0.0, 5
553, 2773.818969645949, Server_03, 3.7761233727051735, 1864.093314029893, 0.0, 3
554, 2776.5795788784744, Server_03, 4.082246213541479, 2805.5401353978586, 0.0, 4
555, 2783.4518879217835, Server_03, 4.3882382694953606, 1770.1474021812073, 0.0, 5
556, 2788.7523800164, Server_03, 4.082246213541479, 1461.1850865444046, 0.0, 4
557, 2791.7420248008552, Server_03, 3.7761233727051735, 1649.025337603172, 0.0, 3
558, 2796.0872093643397, Server_03, 4.082246213541479, 1782.4329178296393, 0.0, 4
559, 2800.2668381169206, Server_03, 4.082246213541479, 1853.0353910542092, 0.0, 4
560, 2804.661055041765, Server_03, 4.082246213541479, 1762.5438462563557, 0.0, 4
561, 2809.6267086210423, Server_03, 4.082246213541479, 1559.7141194708695, 0.0, 4
562, 2815.0248617111865, Server_03, 4.082246213541479, 1434.7499729380777, 0.0, 4
563, 2818.278366774602, Server_03, 3.7761233727051735, 1515.288866593753, 0.0, 3
564, 2824.1959998418142, Server_03, 3.7761233727051735, 5372.517813659271, 0.0, 3
565, 2834.717302849705, Server_03, 4.694143310325732, 1815.8397287552345, 0.0, 6
566, 2840.125835963107, Server_03, 4.082246213541479, 1431.9964096750048, 0.0, 4
567, 2843.184619576089, Server_03, 3.7761233727051735, 1611.7518019503184, 0.0, 3
568, 2846.9412561020617, Server_03, 4.082246213541479, 2061.684686940704, 0.0, 4
569, 2851.4233693986093, Server_03, 4.082246213541479, 1727.9795238477539, 0.0, 4
570, 2856.6307264227594, Server_03, 4.082246213541479, 1487.318799936549, 0.0, 4
571, 2860.0670732397307, Server_03, 3.7761233727051735, 1434.6631066607972, 0.0, 3
572, 2862.8674422752897, Server_03, 3.7761233727051735, 1760.4822569450614, 0.0, 3
573, 2872.6173464677695, Server_03, 4.082246213541479, 1630.5592041755597, 0.0, 4
574, 2877.9771867326363, Server_03, 4.082246213541479, 1445.0057496615584, 0.0, 4
575, 2881.104884013274, Server_03, 3.7761233727051735, 1576.2395007086075, 0.0, 3
576, 2885.2772188474733, Server_03, 4.082246213541479, 1856.2747976304938, 0.0, 4
577, 2889.778799910439, Server_03, 4.082246213541479, 1720.5066157128238, 0.0, 4
578, 2894.9790780733833, Server_03, 4.082246213541479, 1489.3434076639385, 0.0, 4
579, 2898.3832196705553, Server_03, 3.7761233727051735, 1448.2358795226714, 0.0, 3
580, 2904.981976288024, Server_03, 3.7761233727051735, 3083.6463449990833, 0.0, 3
581, 2910.3767001491033, Server_03, 4.3882382694953606, 2254.9810357792526, 0.0, 5
582, 2915.6445866890926, Server_03, 4.082246213541479, 1470.229083562536, 0.0, 4
583, 2919.0867540344398, Server_03, 3.7761233727051735, 1432.2371649548165, 0.0, 3
584, 2922.40063883905, Server_03, 3.7761233727051735, 1487.6799559060262, 0.0, 3
585, 2929.673316752682, Server_03, 3.7761233727051735, 2169.24711171301, 0.0, 3
586, 2933.3707628404213, Server_03, 4.082246213541479, 2094.689095178929, 0.0, 4
587, 2942.932880868667, Server_03, 4.082246213541479, 1697.6763757641072, 0.0, 4
588, 2948.0545556096718, Server_03, 4.082246213541479, 1512.200674906665, 0.0, 4
589, 2951.40142520562, Server_03, 3.7761233727051735, 1473.0182514336343, 0.0, 3
590, 2954.3160620698945, Server_03, 3.7761233727051735, 1691.4628578359761, 0.0, 3
591, 2958.0885028320354, Server_03, 4.082246213541479, 2053.0474799569206, 0.0, 4
592, 2966.4074337183256, Server_03, 4.082246213541479, 2333.5827907694347, 0.0, 4
593, 2971.5457748781982, Server_03, 4.082246213541479, 1507.2957904165223, 0.0, 4
594, 2974.988520940054, Server_03, 3.7761233727051735, 1431.996409674921, 0.0, 3
595, 2978.416131245245, Server_03, 3.7761233727051735, 1438.3198674987887, 0.0, 3
596, 2986.5477775723007, Server_03, 3.7761233727051735, 1574.251842364147, 0.0, 3
597, 2991.6718449180985, Server_03, 4.082246213541479, 1511.4945759547022, 0.0, 4
598, 2995.0463417502374, Server_03, 3.7761233727051735, 1460.9585503374594, 0.0, 3
599, 2998.0622017634887, Server_03, 3.7761233727051735, 1634.6912583270425, 0.0, 3
600, 3004.638840266708, Server_03, 4.082246213541479, 4912.349904043021, 0.0, 4
601, 3013.9929873704123, Server_03, 4.694143310325732, 2042.4096166324382, 0.0, 6
602, 3019.4015204838142, Server_03, 4.082246213541479, 1431.9964096750048, 0.0, 4
603, 3022.719174307281, Server_03, 3.7761233727051735, 1485.989877885665, 0.0, 3
604, 3025.7594038340776, Server_03, 3.7761233727051735, 1621.588092789258, 0.0, 3
605, 3030.9841624739197, Server_03, 4.082246213541479, 1482.3651261016098, 0.0, 4
606, 3034.389983602248, Server_03, 3.7761233727051735, 1447.5217030613728, 0.0, 3
607, 3037.5195856710166, Server_03, 3.7761233727051735, 1575.2801447820034, 0.0, 3
608, 3047.3903159261645, Server_03, 4.082246213541479, 1590.1106393264622, 0.0, 4
609, 3052.7988490395664, Server_03, 4.082246213541479, 1431.9964096750048, 0.0, 4
610, 3056.186817663152, Server_03, 3.7761233727051735, 1455.149249517716, 0.0, 3
611, 3058.803636067579, Server_03, 3.7761233727051735, 1883.9671838363745, 0.0, 3
612, 3068.293355091057, Server_03, 4.082246213541479, 1725.0522715340287, 0.0, 4
613, 3073.470558503452, Server_03, 4.082246213541479, 1495.981398269413, 0.0, 4
614, 3076.8674445548577, Server_03, 3.7761233727051735, 1451.3292248823275, 0.0, 3
615, 3079.6939868404256, Server_03, 3.7761233727051735, 1744.1805223194854, 0.0, 3
616, 3082.3283337191033, Server_03, 4.082246213541479, 2940.0076590853846, 0.0, 4
617, 3095.5537633703584, Server_03, 4.3882382694953606, 1478.950099359701, 0.0, 5
618, 3098.99312936718, Server_03, 3.7761233727051735, 1433.4037158465387, 0.0, 3
619, 3101.8836104539605, Server_03, 3.7761233727051735, 1705.5984287691072, 0.0, 3
620, 3104.6522143949664, Server_03, 4.082246213541479, 2797.4387687918693, 0.0, 4
621, 3110.4181721530763, Server_03, 4.3882382694953606, 2109.796934063538, 0.0, 5
622, 3115.8267052664783, Server_03, 4.082246213541479, 1431.9964096750048, 0.0, 4
623, 3119.135726811467, Server_03, 3.7761233727051735, 1489.8663949365953, 0.0, 3
624, 3121.648263145841, Server_03, 3.7761233727051735, 1962.1606790526816, 0.0, 3
625, 3131.024497686126, Server_03, 4.082246213541479, 1769.7863148569086, 0.0, 4
626, 3136.4069027971623, Server_03, 4.082246213541479, 1438.947801256949, 0.0, 4
627, 3139.849648859018, Server_03, 3.7761233727051735, 1431.996409674921, 0.0, 3
628, 3143.1064566900304, Server_03, 3.7761233727051735, 1513.7521941132065, 0.0, 3
629, 3149.4456298049554, Server_03, 3.7761233727051735, 3681.376175384351, 0.0, 3
630, 3156.651432764512, Server_03, 4.3882382694953606, 1688.2226822295538, 0.0, 5
631, 3162.059965877914, Server_03, 4.082246213541479, 1431.9964096750048, 0.0, 4
632, 3165.5027119397696, Server_03, 3.7761233727051735, 1431.996409674921, 0.0, 3
633, 3168.738913393618, Server_03, 3.7761233727051735, 1523.3909477845577, 0.0, 3
634, 3176.437083769512, Server_03, 3.7761233727051735, 1827.16408275991, 0.0, 3
635, 3181.7999090919807, Server_03, 4.082246213541479, 1444.2014300839814, 0.0, 4
636, 3185.1463741480757, Server_03, 3.7761233727051735, 1473.196318312331, 0.0, 3
637, 3188.236642219113, Server_03, 3.7761233727051735, 1595.3308537226835, 0.0, 3
638, 3196.5583967670527, Server_03, 4.082246213541479, 2331.5991257703904, 0.0, 4
639, 3201.4477849835184, Server_03, 4.082246213541479, 1584.0427589524636, 0.0, 4
640, 3206.8178460707018, Server_03, 4.082246213541479, 1442.2554742412356, 0.0, 4
641, 3209.67197372753, Server_03, 3.7761233727051735, 1727.3228785705394, 0.0, 3
642, 3213.0544306897314, Server_03, 4.082246213541479, 2289.755667714089, 0.0, 4
643, 3223.0430548109152, Server_03, 4.082246213541479, 1552.5322838237803, 0.0, 4
644, 3228.258936554061, Server_03, 4.082246213541479, 1484.8879597735374, 0.0, 4
645, 3230.8651964756714, Server_03, 3.7761233727051735, 1891.5995135873147, 0.0, 3
646, 3233.9976564979756, Server_03, 4.082246213541479, 2472.497635996238, 0.0, 4
647, 3246.8424069454804, Server_03, 4.3882382694953606, 1550.7185450200475, 0.0, 5
648, 3252.225005273965, Server_03, 4.082246213541479, 1438.8961477979124, 0.0, 4
649, 3255.5163793625597, Server_03, 3.7761233727051735, 1497.8546550158158, 0.0, 3
650, 3258.663819345886, Server_03, 3.7761233727051735, 1566.3523454352421, 0.0, 3
651, 3261.6171636722042, Server_03, 4.082246213541479, 2622.450735250254, 0.0, 4
652, 3263.9656013975628, Server_03, 4.3882382694953606, 5180.039423077704, 0.0, 5
653, 3281.960803812552, Server_03, 4.694143310325732, 1470.1579390532117, 0.0, 6
654, 3284.756515801996, Server_03, 3.7761233727051735, 1763.4148362258093, 0.0, 3
655, 3289.5222090423636, Server_03, 4.082246213541479, 1625.1570567733036, 0.0, 4
656, 3294.8648515480295, Server_03, 4.082246213541479, 1449.657167176418, 0.0, 4
657, 3298.165666286201, Server_03, 3.7761233727051735, 1493.5706457524288, 0.0, 3
658, 3300.5487141626163, Server_03, 3.7761233727051735, 2068.7792506359556, 0.0, 3
659, 3302.975739706861, Server_03, 4.082246213541479, 3191.148942937908, 0.0, 4
660, 3309.3506848320776, Server_03, 4.3882382694953606, 1908.2517199843053, 0.0, 5
661, 3314.7592179454796, Server_03, 4.082246213541479, 1431.9964096750048, 0.0, 4
662, 3318.086954246248, Server_03, 3.7761233727051735, 1481.4875802694537, 0.0, 3
663, 3320.917017250526, Server_03, 3.7761233727051735, 1742.010687588024, 0.0, 3
664, 3324.483177826899, Server_03, 4.082246213541479, 2171.803494019073, 0.0, 4
665, 3327.9824492606, Server_03, 4.082246213541479, 2213.3178710886114, 0.0, 4
666, 3337.1870268428897, Server_03, 4.082246213541479, 1842.039978670578, 0.0, 4
667, 3342.3043082321574, Server_03, 4.082246213541479, 1513.4989481413718, 0.0, 4
668, 3345.7159174265103, Server_03, 3.7761233727051735, 1445.0658674975036, 0.0, 3
669, 3348.6722660486103, Server_03, 3.7761233727051735, 1667.5976449956208, 0.0, 3
670, 3355.9781821026013, Server_03, 4.082246213541479, 3358.7519314049114, 0.0, 4
671, 3363.386970000933, Server_03, 4.3882382694953606, 1641.9689923555545, 0.0, 5
672, 3368.795503114335, Server_03, 4.082246213541479, 1431.9964096750048, 0.0, 4
673, 3372.238249176191, Server_03, 3.7761233727051735, 1431.996409674921, 0.0, 3
674, 3375.65325805989, Server_03, 3.7761233727051735, 1443.6272841140828, 0.0, 3
675, 3378.4723462643196, Server_03, 3.7761233727051735, 1748.7923904805696, 0.0, 3
676, 3388.285393094417, Server_03, 4.082246213541479, 1609.1678043870768, 0.0, 4
677, 3393.693926207819, Server_03, 4.082246213541479, 1431.9964096750048, 0.0, 4
678, 3397.1124375995623, Server_03, 3.7761233727051735, 1442.1481852912211, 0.0, 3
679, 3400.4789947412846, Server_03, 3.7761233727051735, 1464.4040758737463, 0.0, 3
680, 3403.586091143625, Server_03, 3.7761233727051735, 1586.690389228627, 0.0, 3
681, 3411.56809772437, Server_03, 4.082246213541479, 2597.2444360147233, 0.0, 4
682, 3419.862166127712, Server_03, 4.3882382694953606, 1466.710835794207, 0.0, 5
683, 3423.304912189568, Server_03, 3.7761233727051735, 1431.996409674921, 0.0, 3
684, 3426.492678087049, Server_03, 3.7761233727051735, 1546.537656323899, 0.0, 3
685, 3429.405328990887, Server_03, 3.7761233727051735, 1692.6161640256926, 0.0, 3
686, 3434.082879388266, Server_03, 4.082246213541479, 1655.78119785513, 0.0, 4
687, 3439.2701348027454, Server_03, 4.082246213541479, 1493.082445560945, 0.0, 4
688, 3442.5845722637496, Server_03, 3.7761233727051735, 1487.4318969670028, 0.0, 3
689, 3449.511490703169, Server_03, 3.7761233727051735, 2558.4891914188775, 0.0, 3
690, 3457.3922607828017, Server_03, 4.3882382694953606, 1543.6308732619136, 0.0, 5
691, 3460.8350068446575, Server_03, 3.7761233727051735, 1431.996409674921, 0.0, 3
692, 3464.2777529065133, Server_03, 3.7761233727051735, 1431.996409674921, 0.0, 3
693, 3467.5961307583957, Server_03, 3.7761233727051735, 1485.665653537147, 0.0, 3
694, 3473.697512645817, Server_03, 3.7761233727051735, 4476.194911415474, 0.0, 3
695, 3491.7111332317245, Server_03, 4.694143310325732, 1468.0772252334427, 0.0, 6
696, 3495.0992325306934, Server_03, 3.7761233727051735, 1455.0931259601432, 0.0, 3
697, 3498.289800371736, Server_03, 3.7761233727051735, 1545.1794933120764, 0.0, 3
698, 3500.7534414119827, Server_03, 3.7761233727051735, 2001.1032124656272, 0.0, 3
699, 3504.181180298537, Server_03, 4.082246213541479, 2259.506997566376, 0.0, 4
700, 3508.539955660751, Server_03, 4.082246213541479, 1776.8752359072128, 0.0, 4
701, 3513.4478834143133, Server_03, 4.082246213541479, 1578.0590890683304, 0.0, 4
702, 3518.681769146706, Server_03, 4.082246213541479, 1479.7801090815126, 0.0, 4
703, 3521.935764666757, Server_03, 3.7761233727051735, 1515.060475535677, 0.0, 3
704, 3524.8871652518305, Server_03, 3.7761233727051735, 1670.3933803271013, 0.0, 3
705, 3528.9007486509913, Server_03, 4.082246213541479, 1929.6970387159367, 0.0, 4
706, 3537.0211943593586, Server_03, 4.082246213541479, 2482.0172256906635, 0.0, 4
707, 3545.107102466363, Server_03, 4.3882382694953606, 1504.4692369756442, 0.0, 5
708, 3548.5498485282187, Server_03, 3.7761233727051735, 1431.996409674921, 0.0, 3
709, 3551.9024222453454, Server_03, 3.7761233727051735, 1470.5120352208808, 0.0, 3
710, 3555.147640477638, Server_03, 3.7761233727051735, 1519.1582343961582, 0.0, 3
711, 3557.4724712038865, Server_03, 3.7761233727051735, 2120.5844986209636, 0.0, 3
712, 3565.3793385558465, Server_03, 4.082246213541479, 2664.3802630958357, 0.0, 4
713, 3573.6136552394833, Server_03, 4.3882382694953606, 1477.353916224079, 0.0, 5
714, 3577.056401301339, Server_03, 3.7761233727051735, 1431.996409674921, 0.0, 3
715, 3580.440141629624, Server_03, 3.7761233727051735, 1456.9675925748759, 0.0, 3
716, 3583.699114640275, Server_03, 3.7761233727051735, 1512.746495257139, 0.0, 3
717, 3591.143259277489, Server_03, 3.7761233727051735, 2017.0655717084783, 0.0, 3
718, 3594.831266416168, Server_03, 4.082246213541479, 2100.0501649717744, 0.0, 4
719, 3598.408913510658, Server_03, 4.082246213541479, 2164.8306262316264, 0.0, 4
