0, 150.4572862556578, Server_00, 3.4704019320064656, 2040.4782764581198, 0.0, 2
1, 154.33458015852509, Server_00, 4.082246213541479, 1997.5271913930826, 0.0, 4
2, 158.25552771362118, Server_00, 4.082246213541479, 1975.2878331498598, 0.0, 4
3, 162.28804131592594, Server_00, 4.082246213541479, 1920.63828267644, 0.0, 4
4, 165.9470893200641, Server_00, 4.082246213541479, 2116.670781919473, 0.0, 4
5, 169.3183722559598, Server_00, 4.082246213541479, 2297.3450010781385, 0.0, 4
6, 172.98320736077545, Server_00, 4.082246213541479, 2113.3283704423475, 0.0, 4
7, 176.7281798203507, Server_00, 4.082246213541479, 2068.105996399884, 0.0, 4
8, 180.60391257635138, Server_00, 4.082246213541479, 1998.3317962283816, 0.0, 4
9, 184.76753683406216, Server_00, 4.082246213541479, 1860.1582469063412, 0.0, 4
10, 188.70054987792153, Server_00, 4.082246213541479, 1969.2281499275196, 0.0, 4
11, 192.47259749214368, Server_00, 4.082246213541479, 2053.261462235582, 0.0, 4
12, 196.48116064699354, Server_00, 4.082246213541479, 1932.113752687046, 0.0, 4
13, 200.50957915406974, Server_00, 4.082246213541479, 1922.5907105717467, 0.0, 4
14, 204.31716726945018, Server_00, 4.082246213541479, 2034.096064307667, 0.0, 4
15, 208.96039304212397, Server_00, 4.082246213541479, 1668.0214099389066, 0.0, 4
16, 213.81262475440678, Server_00, 4.082246213541479, 1596.1727426154248, 0.0, 4
17, 218.7074975095276, Server_00, 4.082246213541479, 1582.267892847163, 0.0, 4
18, 223.67894820405616, Server_00, 4.082246213541479, 1557.895366140096, 0.0, 4
19, 228.6582326576644, Server_00, 4.082246213541479, 1555.4443760262736, 0.0, 4
20, 233.63751711127264, Server_00, 4.082246213541479, 1555.4443760262736, 0.0, 4
21, 238.53818127589219, Server_00, 4.082246213541479, 1580.3980317433718, 0.0, 4
22, 243.49031486641948, Server_00, 4.082246213541479, 1563.9723481642432, 0.0, 4
23, 248.53832112307632, Server_00, 4.082246213541479, 1534.2690967917533, 0.0, 4
24, 251.5749100274078, Server_00, 3.7761233727051735, 1623.5322446735145, 0.0, 3
25, 255.08410644967486, Server_00, 4.082246213541479, 2207.0579893605623, 0.0, 4
26, 258.4040282553972, Server_00, 4.082246213541479, 2332.8862705894117, 0.0, 4
27, 261.3596182391823, Server_00, 4.082246213541479, 2620.4581970065065, 0.0, 4
28, 268.0523761905041, Server_00, 4.3882382694953606, 1817.6363299672903, 0.0, 5
29, 273.20336010802987, Server_00, 4.082246213541479, 1503.5962301587329, 0.0, 4
30, 276.49211992117887, Server_00, 3.7761233727051735, 1499.0453180220259, 0.0, 3
31, 279.32022389390414, Server_00, 3.7761233727051735, 1743.2173808126497, 0.0, 3
32, 288.1987447083114, Server_00, 4.082246213541479, 1996.8953038050622, 0.0, 4
33, 293.3451371451109, Server_00, 4.082246213541479, 1504.9377005567974, 0.0, 4
34, 296.73265427404954, Server_00, 3.7761233727051735, 1455.3431945433983, 0.0, 3
35, 299.9163029422904, Server_00, 3.7761233727051735, 1548.5377042951582, 0.0, 3
36, 307.10367572848475, Server_00, 3.7761233727051735, 2253.8453578264057, 0.0, 3
37, 311.0217031623638, Server_00, 4.082246213541479, 1976.760022921038, 0.0, 4
38, 315.3907305090985, Server_00, 4.082246213541479, 1772.7057730111078, 0.0, 4
39, 325.69223929898806, Server_00, 4.082246213541479, 1460.9048682085336, 0.0, 4
40, 328.75290810153365, Server_00, 3.7761233727051735, 1610.7590589023105, 0.0, 3
41, 332.2092738111435, Server_00, 4.082246213541479, 2240.792974674632, 0.0, 4
42, 333.96739317750735, Server_00, 4.082246213541479, 4405.275402897215, 0.0, 4
43, 352.0818016028999, Server_00, 4.694143310325732, 1456.7946475578956, 0.0, 6
44, 355.4523608270785, Server_00, 3.7761233727051735, 1462.665294421991, 0.0, 3
45, 358.1209624131756, Server_00, 3.7761233727051735, 1847.4095292771801, 0.0, 3
46, 360.078361698627, Server_00, 4.082246213541479, 3956.78084566885, 0.0, 4
47, 368.09690505168885, Server_00, 4.694143310325732, 2382.602320495639, 0.0, 6
48, 373.41958843313216, Server_00, 4.082246213541479, 1455.093125960058, 0.0, 4
49, 376.67675796186234, Server_00, 3.7761233727051735, 1513.5840970248757, 0.0, 3
50, 379.11345547307087, Server_00, 3.7761233727051735, 2023.2302028965648, 0.0, 3
51, 382.1134797727461, Server_00, 4.082246213541479, 2581.645755615549, 0.0, 4
52, 388.9709812901624, Server_00, 4.3882382694953606, 1773.969713182559, 0.0, 5
53, 394.2936646716057, Server_00, 4.082246213541479, 1455.093125960058, 0.0, 4
54, 397.68176397057476, Server_00, 3.7761233727051735, 1455.0931259600698, 0.0, 3
55, 400.98613549392064, Server_00, 3.7761233727051735, 1491.9629845399688, 0.0, 3
56, 403.58643955271333, Server_00, 3.7761233727051735, 1895.9321250642445, 0.0, 3
57, 412.34707484401974, Server_00, 4.082246213541479, 2059.492452752431, 0.0, 4
58, 417.6071793087384, Server_00, 4.082246213541479, 1472.4042178151376, 0.0, 4
59, 420.96209776190545, Server_00, 3.7761233727051735, 1469.4843015770107, 0.0, 3
60, 424.1746323764001, Server_00, 3.7761233727051735, 1534.6138148228256, 0.0, 3
61, 432.13405893924806, Server_00, 3.7761233727051735, 1665.8632661780523, 0.0, 3
62, 437.23720243548024, Server_00, 4.082246213541479, 1517.6919884221154, 0.0, 4
63, 440.61589167178096, Server_00, 3.7761233727051735, 1459.145738244277, 0.0, 3
64, 443.6827238627405, Server_00, 3.7761233727051735, 1607.5219291530696, 0.0, 3
65, 453.0925452282623, Server_00, 4.082246213541479, 1756.3069698365368, 0.0, 4
66, 458.01484706546245, Server_00, 4.082246213541479, 1573.4508480295474, 0.0, 4
67, 463.21494931757553, Server_00, 4.082246213541479, 1489.3937896803445, 0.0, 4
68, 466.3569061391139, Server_00, 3.7761233727051735, 1569.08585318692, 0.0, 3
69, 470.1979860056466, Server_00, 4.082246213541479, 2016.3600521515077, 0.0, 4
70, 479.7333200569228, Server_00, 4.082246213541479, 1707.7022138690347, 0.0, 4
71, 485.05600343836613, Server_00, 4.082246213541479, 1455.093125960058, 0.0, 4
72, 488.39187195578876, Server_00, 3.7761233727051735, 1477.8759936884564, 0.0, 3
73, 491.34321448860806, Server_00, 3.7761233727051735, 1670.4262365949685, 0.0, 3
74, 495.6163918629073, Server_00, 4.082246213541479, 1812.4686437267621, 0.0, 4
75, 500.1251877757938, Server_00, 4.082246213541479, 1717.7535088390557, 0.0, 4
76, 510.2384066625809, Server_00, 4.082246213541479, 1514.7014378777214, 0.0, 4
77, 513.510206743593, Server_00, 3.7761233727051735, 1506.8157827280722, 0.0, 3
78, 515.9929386040399, Server_00, 3.7761233727051735, 1985.7158473459506, 0.0, 3
79, 518.1728464163134, Server_00, 4.082246213541479, 3552.9025385354853, 0.0, 4
80, 531.1944538876443, Server_00, 4.3882382694953606, 1516.5289555089264, 0.0, 5
81, 534.4631393792262, Server_00, 3.7761233727051735, 1508.2515625001627, 0.0, 3
82, 537.4123780689389, Server_00, 3.7761233727051735, 1671.61783723928, 0.0, 3
83, 542.0009134218826, Server_00, 4.082246213541479, 1687.902436020523, 0.0, 4
84, 547.133733169784, Server_00, 4.082246213541479, 1508.9171995892905, 0.0, 4
85, 550.5132754393504, Server_00, 3.7761233727051735, 1458.777433972597, 0.0, 3
86, 553.4876469965101, Server_00, 3.7761233727051735, 1657.4929881012745, 0.0, 3
87, 562.6413827920303, Server_00, 4.082246213541479, 1864.586574897936, 0.0, 4
88, 567.6687860606037, Server_00, 4.082246213541479, 1540.556741969456, 0.0, 4
89, 571.0568853595728, Server_00, 3.7761233727051735, 1455.0931259600454, 0.0, 3
90, 574.4326546153994, Server_00, 3.7761233727051735, 1460.4078734027005, 0.0, 3
91, 581.963745740014, Server_00, 3.7761233727051735, 1947.776574322543, 0.0, 3
92, 586.8732563670064, Server_00, 4.082246213541479, 1577.5503076453504, 0.0, 4
93, 592.1094603914604, Server_00, 4.082246213541479, 1479.1249469710358, 0.0, 4
94, 594.7665451586972, Server_00, 3.7761233727051735, 1855.416906825612, 0.0, 3
95, 603.422951491766, Server_00, 4.082246213541479, 2118.2000287970773, 0.0, 4
96, 608.6721932140149, Server_00, 4.082246213541479, 1475.4512003462853, 0.0, 4
97, 612.0508574996171, Server_00, 3.7761233727051735, 1459.156513717159, 0.0, 3
98, 615.362686408795, Server_00, 3.7761233727051735, 1488.6034681132905, 0.0, 3
99, 623.2501212459805, Server_00, 3.7761233727051735, 1707.3978385622745, 0.0, 3
100, 628.5584853297278, Server_00, 4.082246213541479, 1459.018235714656, 0.0, 4
101, 631.9465846286969, Server_00, 3.7761233727051735, 1455.0931259600454, 0.0, 3
102, 635.2864881177353, Server_00, 3.7761233727051735, 1476.0905565625728, 0.0, 3
103, 642.6136003914565, Server_00, 3.7761233727051735, 2118.505435114452, 0.0, 3
104, 647.6596995254276, Server_00, 4.082246213541479, 1534.848958447823, 0.0, 4
105, 651.0477988243968, Server_00, 3.7761233727051735, 1455.0931259600454, 0.0, 3
106, 654.2975132505953, Server_00, 3.7761233727051735, 1517.0563789406472, 0.0, 3
107, 661.8453498210588, Server_00, 3.7761233727051735, 1934.97497333717, 0.0, 3
108, 666.8330703523771, Server_00, 4.082246213541479, 1552.813545058996, 0.0, 4
109, 672.0340789167434, Server_00, 4.082246213541479, 1489.1342523570218, 0.0, 4
110, 674.6871679454783, Server_00, 3.7761233727051735, 1858.2112950618737, 0.0, 3
111, 683.3680608685773, Server_00, 4.082246213541479, 2104.1090196884475, 0.0, 4
112, 688.1331902263066, Server_00, 4.082246213541479, 1625.349370093641, 0.0, 4
113, 693.4558736077499, Server_00, 4.082246213541479, 1455.093125960058, 0.0, 4
114, 696.843972906719, Server_00, 3.7761233727051735, 1455.0931259600454, 0.0, 3
115, 700.2087328231951, Server_00, 3.7761233727051735, 1465.186260648061, 0.0, 3
116, 706.981229185213, Server_00, 3.7761233727051735, 2781.387937173167, 0.0, 3
117, 712.7999314931844, Server_00, 4.3882382694953606, 2090.6723451609428, 0.0, 5
118, 718.0547468664342, Server_00, 4.082246213541479, 1473.8862262272303, 0.0, 4
119, 721.356385987219, Server_00, 3.7761233727051735, 1493.1977177530418, 0.0, 3
120, 724.4109173987137, Server_00, 3.7761233727051735, 1613.9955154652303, 0.0, 3
121, 734.1304612277567, Server_00, 4.082246213541479, 1641.0484319139114, 0.0, 4
122, 739.4531446092, Server_00, 4.082246213541479, 1455.093125960058, 0.0, 4
123, 742.6553933287798, Server_00, 3.7761233727051735, 1539.5431247597805, 0.0, 3
124, 745.4274360040503, Server_00, 3.7761233727051735, 1778.471898712401, 0.0, 3
125, 753.2558701220046, Server_00, 4.082246213541479, 2738.2642398620274, 0.0, 4
126, 760.748245043906, Server_00, 4.3882382694953606, 1623.650728481272, 0.0, 5
127, 766.0114916102283, Server_00, 4.082246213541479, 1471.5252083300734, 0.0, 4
128, 769.202528620867, Server_00, 3.7761233727051735, 1544.952309723653, 0.0, 3
129, 772.1684294986935, Server_00, 3.7761233727051735, 1662.2268251975092, 0.0, 3
130, 775.8905402130486, Server_00, 4.082246213541479, 2080.808604142244, 0.0, 4
131, 779.1159516813084, Server_00, 4.082246213541479, 2401.244019938504, 0.0, 4
132, 788.0619775688867, Server_00, 4.082246213541479, 1962.734209215507, 0.0, 4
133, 792.4244258553543, Server_00, 4.082246213541479, 1775.3792117204282, 0.0, 4
134, 797.6450207463977, Server_00, 4.082246213541479, 1483.5474043940164, 0.0, 4
135, 800.9522668804119, Server_00, 3.7761233727051735, 1490.666191819269, 0.0, 3
136, 803.742557282596, Server_00, 3.7761233727051735, 1766.8411847530801, 0.0, 3
137, 810.9136528529936, Server_00, 4.082246213541479, 3567.323385299728, 0.0, 4
138, 818.612113174848, Server_00, 4.3882382694953606, 1580.1861010396997, 0.0, 5
139, 823.9347965562913, Server_00, 4.082246213541479, 1455.093125960058, 0.0, 4
140, 827.3228958552604, Server_00, 3.7761233727051735, 1455.0931259600454, 0.0, 3
141, 830.567029512921, Server_00, 3.7761233727051735, 1519.6661174420283, 0.0, 3
142, 833.1889115393286, Server_00, 3.7761233727051735, 1880.32869150668, 0.0, 3
143, 842.6655464286376, Server_00, 4.082246213541479, 1730.0941871530317, 0.0, 4
144, 847.8775249157212, Server_00, 4.082246213541479, 1485.9999938974834, 0.0, 4
145, 851.1406248988744, Server_00, 3.7761233727051735, 1510.833264519227, 0.0, 3
146, 854.0233883501045, Server_00, 3.7761233727051735, 1710.1645984502793, 0.0, 3
147, 861.7567696772022, Server_00, 4.082246213541479, 2833.4868330367717, 0.0, 4
148, 868.4357182463563, Server_00, 4.3882382694953606, 1821.3944716063022, 0.0, 5
149, 873.7478876483052, Server_00, 4.082246213541479, 1457.9730829288847, 0.0, 4
150, 877.1341172061142, Server_00, 3.7761233727051735, 1455.8965704587101, 0.0, 3
151, 880.2117100304898, Server_00, 3.7761233727051735, 1601.9013174688432, 0.0, 3
152, 889.0523289691882, Server_00, 4.082246213541479, 2016.6020434781233, 0.0, 4
153, 893.7496133229153, Server_00, 4.082246213541479, 1648.8250267103388, 0.0, 4
154, 898.6533477301372, Server_00, 4.082246213541479, 1579.408539865789, 0.0, 4
155, 903.7815288275041, Server_00, 4.082246213541479, 1510.2820772021323, 0.0, 4
156, 907.1696281264732, Server_00, 3.7761233727051735, 1455.0931259600454, 0.0, 3
157, 910.4858005702486, Server_00, 3.7761233727051735, 1486.653689935174, 0.0, 3
158, 912.4743720357525, Server_00, 3.7761233727051735, 2479.166620622653, 0.0, 3
159, 924.6969433609095, Server_00, 4.3882382694953606, 1684.3032006659455, 0.0, 5
160, 930.0196267423528, Server_00, 4.082246213541479, 1455.093125960058, 0.0, 4
161, 933.2539128126656, Server_00, 3.7761233727051735, 1524.2931184263466, 0.0, 3
162, 935.7442994505274, Server_00, 3.7761233727051735, 1979.6122919422892, 0.0, 3
163, 939.9981388975747, Server_00, 4.082246213541479, 1820.70811473056, 0.0, 4
164, 949.8384108862912, Server_00, 4.082246213541479, 1600.1166913873694, 0.0, 4
165, 954.2073062113308, Server_00, 4.082246213541479, 1772.7593416145291, 0.0, 4
166, 959.1405277469636, Server_00, 4.082246213541479, 1569.9680105702992, 0.0, 4
167, 964.3927910600405, Server_00, 4.082246213541479, 1474.602383455669, 0.0, 4
168, 967.6899803347284, Server_00, 3.7761233727051735, 1495.2129190298624, 0.0, 3
169, 970.376681524492, Server_00, 3.7761233727051735, 1834.9640141536127, 0.0, 3
170, 979.0123480196593, Server_00, 4.082246213541479, 2130.283404788405, 0.0, 4
171, 984.200780835818, Server_00, 4.082246213541479, 1492.7436230607298, 0.0, 4
172, 987.5775482943704, Server_00, 3.7761233727051735, 1459.9761637460904, 0.0, 3
173, 990.8006854902912, Server_00, 3.7761233727051735, 1529.5656685788633, 0.0, 3
174, 992.9974724354652, Server_00, 3.7761233727051735, 2244.1866794732236, 0.0, 3
175, 1003.2707204205478, Server_00, 4.082246213541479, 1468.7342643299926, 0.0, 4
176, 1006.5111486145091, Server_00, 3.7761233727051735, 1521.4038716202112, 0.0, 3
177, 1009.3090374826673, Server_00, 3.7761233727051735, 1762.0428231108717, 0.0, 3
178, 1018.6528029887555, Server_00, 4.082246213541479, 1783.0152178207343, 0.0, 4
179, 1023.4982975273732, Server_00, 4.082246213541479, 1598.392060557245, 0.0, 4
180, 1028.6761613241774, Server_00, 4.082246213541479, 1495.7906008999737, 0.0, 4
181, 1032.0500310872076, Server_00, 3.7761233727051735, 1461.2300848187642, 0.0, 3
182, 1035.2160224102518, Server_00, 3.7761233727051735, 1557.1741982096398, 0.0, 3
183, 1041.4227859913167, Server_00, 4.082246213541479, 6417.992821067126, 0.0, 4
184, 1059.8240950764898, Server_00, 4.9999536060530145, 1630.3187920566224, 0.0, 7
185, 1063.592340706676, Server_00, 4.082246213541479, 2055.3331072575124, 0.0, 4
186, 1068.2108391379013, Server_00, 4.082246213541479, 1676.9519607577581, 0.0, 4
187, 1073.3099032689822, Server_00, 4.082246213541479, 1518.9061758982389, 0.0, 4
188, 1076.6980025679513, Server_00, 3.7761233727051735, 1455.0931259600454, 0.0, 3
189, 1079.9516644754872, Server_00, 3.7761233727051735, 1515.2158214661367, 0.0, 3
190, 1082.7525046113444, Server_00, 3.7761233727051735, 1760.186144465933, 0.0, 3
191, 1086.2662279546641, Server_00, 4.082246213541479, 2204.214516411703, 0.0, 4
192, 1089.4129996277427, Server_00, 4.082246213541479, 2461.2526120851085, 0.0, 4
193, 1095.1838536928883, Server_00, 4.3882382694953606, 2108.0068673843766, 0.0, 5
194, 1100.4787951568735, Server_00, 4.082246213541479, 1462.7168312774484, 0.0, 4
195, 1103.7887832247854, Server_00, 3.7761233727051735, 1489.4313510652667, 0.0, 3
196, 1106.986445411849, Server_00, 3.7761233727051735, 1541.7513519548127, 0.0, 3
197, 1109.6839326636139, Server_00, 3.7761233727051735, 1827.6268022302897, 0.0, 3
198, 1118.596622855407, Server_00, 4.082246213541479, 1979.4564916601291, 0.0, 4
199, 1123.904462830851, Server_00, 4.082246213541479, 1459.1623025244662, 0.0, 4
200, 1127.29256212982, Server_00, 3.7761233727051735, 1455.0931259600454, 0.0, 3
201, 1130.6270530056875, Server_00, 3.7761233727051735, 1478.486576670411, 0.0, 3
202, 1133.4204521329004, Server_00, 3.7761233727051735, 1764.8748981026365, 0.0, 3
203, 1141.878987945787, Server_00, 4.082246213541479, 2239.3869599794198, 0.0, 4
204, 1146.8420763485183, Server_00, 4.082246213541479, 1560.52025906647, 0.0, 4
205, 1152.1122902516113, Server_00, 4.082246213541479, 1469.5798201766681, 0.0, 4
206, 1155.082289059914, Server_00, 3.7761233727051735, 1659.9333259723771, 0.0, 3
207, 1164.4555826903152, Server_00, 4.082246213541479, 1770.9764435116658, 0.0, 4
208, 1169.4031764971305, Server_00, 4.082246213541479, 1565.4074086136989, 0.0, 4
209, 1174.714522671488, Server_00, 4.082246213541479, 1458.199060229162, 0.0, 4
210, 1177.6947359555397, Server_00, 3.7761233727051735, 1654.2440188366786, 0.0, 3
211, 1181.6601693584792, Server_00, 4.082246213541479, 1953.1282493002975, 0.0, 4
212, 1185.129677785665, Server_00, 4.082246213541479, 2232.304709022386, 0.0, 4
213, 1195.125409569059, Server_00, 4.082246213541479, 1550.3234232359696, 0.0, 4
214, 1200.4480929505023, Server_00, 4.082246213541479, 1455.093125960058, 0.0, 4
215, 1203.7879980381902, Server_00, 3.7761233727051735, 1476.0898500301269, 0.0, 3
216, 1206.897806937346, Server_00, 3.7761233727051735, 1585.306415882364, 0.0, 3
217, 1209.3616379674731, Server_00, 4.082246213541479, 3143.478552423562, 0.0, 4
218, 1221.9736234349084, Server_00, 4.3882382694953606, 1598.1375755435863, 0.0, 5
219, 1227.2036740082522, Server_00, 4.082246213541479, 1480.865221356424, 0.0, 4
220, 1230.1225756286763, Server_00, 3.7761233727051735, 1688.9914910128791, 0.0, 3
221, 1234.0731642948408, Server_00, 4.082246213541479, 1960.4673263843679, 0.0, 4
222, 1238.8632052861522, Server_00, 4.082246213541479, 1616.8963927550217, 0.0, 4
223, 1244.1094317349189, Server_00, 4.082246213541479, 1476.2992172822983, 0.0, 4
224, 1247.367704162599, Server_00, 3.7761233727051735, 1513.0717610099025, 0.0, 3
225, 1249.917998452769, Server_00, 3.7761233727051735, 1933.1102371213813, 0.0, 3
226, 1259.740601227729, Server_00, 4.082246213541479, 1605.9792525757728, 0.0, 4
227, 1265.0632846091723, Server_00, 4.082246213541479, 1455.093125960058, 0.0, 4
228, 1268.4513839081415, Server_00, 3.7761233727051735, 1455.0931259600454, 0.0, 3
229, 1271.4320097974512, Server_00, 3.7761233727051735, 1654.0150233821144, 0.0, 3
230, 1274.4438518833335, Server_00, 4.082246213541479, 2571.515962375252, 0.0, 4
231, 1287.7561628740548, Server_00, 4.3882382694953606, 1463.491923434937, 0.0, 5
232, 1291.005406173862, Server_00, 3.7761233727051735, 1517.2763456317866, 0.0, 3
233, 1293.879116453381, Server_00, 3.7761233727051735, 1715.5522027172738, 0.0, 3
234, 1297.3898237602966, Server_00, 4.082246213541479, 2206.108149415696, 0.0, 4
235, 1301.0990766622672, Server_00, 4.082246213541479, 2088.021551694529, 0.0, 4
236, 1305.5162731378857, Server_00, 4.082246213541479, 1753.3745765554768, 0.0, 4
237, 1309.9439472034837, Server_00, 4.082246213541479, 1749.2254138977464, 0.0, 4
238, 1320.1559789491143, Server_00, 4.082246213541479, 1485.9848093774267, 0.0, 4
239, 1323.5082308012857, Server_00, 3.7761233727051735, 1470.6532257732185, 0.0, 3
240, 1326.3666479951219, Server_00, 3.7761233727051735, 1724.7307393164615, 0.0, 3
241, 1329.1416303454018, Server_00, 4.082246213541479, 2791.0087425307775, 0.0, 4
242, 1341.64681313195, Server_00, 4.3882382694953606, 1620.8799100541285, 0.0, 5
243, 1346.9694965133933, Server_00, 4.082246213541479, 1455.093125960058, 0.0, 4
244, 1350.3575958123624, Server_00, 3.7761233727051735, 1455.0931259600454, 0.0, 3
245, 1353.6983118748278, Server_00, 3.7761233727051735, 1475.7315221700544, 0.0, 3
246, 1356.8756577705226, Server_00, 3.7761233727051735, 1551.609475908819, 0.0, 3
247, 1361.7250594578406, Server_00, 4.082246213541479, 1597.10424076735, 0.0, 4
248, 1366.8096862799475, Server_00, 4.082246213541479, 1523.218963941734, 0.0, 4
249, 1370.1902915034564, Server_00, 3.7761233727051735, 1458.3187547947396, 0.0, 3
250, 1377.3308438638444, Server_00, 3.7761233727051735, 2303.1438479301273, 0.0, 3
251, 1381.7320688894517, Server_00, 4.082246213541479, 1759.737335614016, 0.0, 4
252, 1387.0232185077953, Server_00, 4.082246213541479, 1463.7650716111655, 0.0, 4
253, 1390.4049356826781, Server_00, 3.7761233727051735, 1457.8392411455236, 0.0, 3
254, 1397.303685220801, Server_00, 3.7761233727051735, 2596.44566121851, 0.0, 3
255, 1404.5490414660476, Server_00, 4.3882382694953606, 1679.0064681748586, 0.0, 5
256, 1409.871724847491, Server_00, 4.082246213541479, 1455.093125960058, 0.0, 4
257, 1413.1497066041659, Server_00, 3.7761233727051735, 1503.9742030171424, 0.0, 3
258, 1415.8985636748077, Server_00, 3.7761233727051735, 1793.4726591109516, 0.0, 3
259, 1418.8827582582996, Server_00, 4.082246213541479, 2595.340143985294, 0.0, 4
260, 1432.2127974862658, Server_00, 4.3882382694953606, 1460.3772763949135, 0.0, 5
261, 1435.4441282726568, Server_00, 3.7761233727051735, 1525.6871938840295, 0.0, 3
262, 1437.476858937125, Server_00, 3.7761233727051735, 2425.309012244397, 0.0, 3
263, 1439.4353144381257, Server_00, 4.082246213541479, 3954.6469123460774, 0.0, 4
264, 1457.2547460801748, Server_00, 4.694143310325732, 1490.3156811830609, 0.0, 6
265, 1460.0667294460616, Server_00, 3.7761233727051735, 1753.2109399392632, 0.0, 3
266, 1463.1125914043675, Server_00, 4.082246213541479, 2542.794160083194, 0.0, 4
267, 1469.320024351055, Server_00, 4.3882382694953606, 1959.7473068946567, 0.0, 5
268, 1474.4957537019047, Server_00, 4.082246213541479, 1496.4074577679635, 0.0, 4
269, 1477.79247831429, Server_00, 3.7761233727051735, 1495.423664287481, 0.0, 3
270, 1480.4956807597516, Server_00, 3.7761233727051735, 1823.762777470494, 0.0, 3
271, 1483.2124106094545, Server_00, 4.082246213541479, 2850.8539414940155, 0.0, 4
272, 1488.6502437423076, Server_00, 4.3882382694953606, 2237.104321297457, 0.0, 5
273, 1493.9334260698306, Server_00, 4.082246213541479, 1465.9724991227324, 0.0, 4
274, 1497.3215253687997, Server_00, 3.7761233727051735, 1455.0931259600454, 0.0, 3
275, 1500.5255295238082, Server_00, 3.7761233727051735, 1538.699627556154, 0.0, 3
276, 1502.7664926650111, Server_00, 3.7761233727051735, 2199.9469377054197, 0.0, 3
277, 1511.556272732084, Server_00, 4.082246213541479, 2043.6542128900344, 0.0, 4
278, 1516.7946547939748, Server_00, 4.082246213541479, 1478.5099499222672, 0.0, 4
279, 1520.1720815604738, Server_00, 3.7761233727051735, 1459.6911615971003, 0.0, 3
280, 1528.2303938994426, Server_00, 3.7761233727051735, 1612.0001666220628, 0.0, 3
281, 1533.5152581311838, Server_00, 4.082246213541479, 1465.505954435496, 0.0, 4
282, 1536.860350030184, Server_00, 3.7761233727051735, 1473.801064022646, 0.0, 3
283, 1539.590022050671, Server_00, 3.7761233727051735, 1806.0777862684263, 0.0, 3
284, 1548.1844469972573, Server_00, 4.082246213541479, 2154.7257531015125, 0.0, 4
285, 1553.3798181531386, Server_00, 4.082246213541479, 1490.7500864942995, 0.0, 4
286, 1556.7679174521077, Server_00, 3.7761233727051735, 1455.0931259600454, 0.0, 3
287, 1560.1089014323356, Server_00, 3.7761233727051735, 1475.6131813788575, 0.0, 3
288, 1566.8455500206712, Server_00, 3.7761233727051735, 2838.801144407083, 0.0, 3
289, 1573.4063302435086, Server_00, 4.3882382694953606, 1854.2001997955902, 0.0, 5
290, 1578.729013624952, Server_00, 4.082246213541479, 1455.093125960058, 0.0, 4
291, 1582.111253919169, Server_00, 3.7761233727051735, 1457.6137622241672, 0.0, 3
292, 1585.3635826444947, Server_00, 3.7761233727051735, 1515.8369329675606, 0.0, 3
293, 1592.3961759953045, Server_00, 3.7761233727051735, 2425.472856159831, 0.0, 3
294, 1595.2947973032028, Server_00, 4.082246213541479, 2671.95993450264, 0.0, 4
295, 1608.4410934345826, Server_00, 4.3882382694953606, 1493.3166931091544, 0.0, 5
296, 1611.7948458568508, Server_00, 3.7761233727051735, 1469.995211115148, 0.0, 3
297, 1614.955379553855, Server_00, 3.7761233727051735, 1559.863134720892, 0.0, 3
298, 1618.7617796498926, Server_00, 4.082246213541479, 2034.7309280657234, 0.0, 4
299, 1621.750705089619, Server_00, 4.082246213541479, 2591.2322525879986, 0.0, 4
300, 1627.8819772448971, Server_00, 4.3882382694953606, 1984.0906898134915, 0.0, 5
301, 1633.2031080978077, Server_00, 4.082246213541479, 1455.5176736094875, 0.0, 4
302, 1636.5584210462287, Server_00, 3.7761233727051735, 1469.3115294417057, 0.0, 3
303, 1639.7196232942729, Server_00, 3.7761233727051735, 1559.5332450019941, 0.0, 3
304, 1647.0749001778224, Server_00, 4.082246213541479, 3288.36072484514, 0.0, 4
305, 1654.1035835784317, Server_00, 4.3882382694953606, 1730.7651101407662, 0.0, 5
306, 1659.3968660975845, Server_00, 4.082246213541479, 1463.1752550475094, 0.0, 4
307, 1662.51236296593, Server_00, 3.7761233727051735, 1582.4121186224245, 0.0, 3
308, 1666.7767677676807, Server_00, 4.082246213541479, 1816.1971857878748, 0.0, 4
309, 1671.9923449037121, Server_00, 4.082246213541479, 1484.9746821869778, 0.0, 4
310, 1675.3804442026812, Server_00, 3.7761233727051735, 1455.0931259600454, 0.0, 3
311, 1681.9610779712532, Server_00, 3.7761233727051735, 3119.0020724750893, 0.0, 3
312, 1689.4593365456435, Server_00, 4.3882382694953606, 1622.3766997778055, 0.0, 5
313, 1694.7820199270868, Server_00, 4.082246213541479, 1455.093125960058, 0.0, 4
314, 1697.8703049377693, Server_00, 3.7761233727051735, 1596.3552531411176, 0.0, 3
315, 1701.6361583370767, Server_00, 4.082246213541479, 2056.6387426086344, 0.0, 4
316, 1705.304568106172, Server_00, 4.082246213541479, 2111.2690477624215, 0.0, 4
317, 1714.8632946369023, Server_00, 4.082246213541479, 1698.9393743605683, 0.0, 4
318, 1719.614366742729, Server_00, 4.082246213541479, 1630.1583784639738, 0.0, 4
319, 1724.783261377164, Server_00, 4.082246213541479, 1498.3861246470544, 0.0, 4
320, 1728.1557829510132, Server_00, 3.7761233727051735, 1461.8142218059506, 0.0, 3
321, 1731.1977975753489, Server_00, 3.7761233727051735, 1620.6365217841706, 0.0, 3
322, 1734.3031062982861, Server_00, 4.082246213541479, 2494.115944991824, 0.0, 4
323, 1746.4974545249722, Server_00, 4.3882382694953606, 1690.9106449526878, 0.0, 5
324, 1751.8201379064155, Server_00, 4.082246213541479, 1455.093125960058, 0.0, 4
325, 1755.2082372053846, Server_00, 3.7761233727051735, 1455.0931259600454, 0.0, 3
326, 1758.5703072493018, Server_00, 3.7761233727051735, 1466.3585040173896, 0.0, 3
327, 1761.165063449277, Server_00, 3.7761233727051735, 1899.9858252759395, 0.0, 3
328, 1764.8796533611096, Server_00, 4.082246213541479, 2085.0215458048283, 0.0, 4
329, 1775.0868068765415, Server_00, 4.082246213541479, 1487.3769281137986, 0.0, 4
330, 1778.4364538626019, Server_00, 3.7761233727051735, 1471.7968850198993, 0.0, 3
331, 1781.4691755302395, Server_00, 3.7761233727051735, 1625.6025248239619, 0.0, 3
332, 1784.0686472570014, Server_00, 4.082246213541479, 2979.451524809441, 0.0, 4
333, 1797.3718364890503, Server_00, 4.3882382694953606, 1465.099693626776, 0.0, 5
334, 1800.7599357880194, Server_00, 3.7761233727051735, 1455.0931259600454, 0.0, 3
335, 1804.057189200321, Server_00, 3.7761233727051735, 1495.1838344019243, 0.0, 3
336, 1806.839453024872, Server_00, 3.7761233727051735, 1771.9383605887053, 0.0, 3
337, 1809.675010782423, Server_00, 4.082246213541479, 2731.3850262352607, 0.0, 4
338, 1822.8698244917089, Server_00, 4.3882382694953606, 1484.4754782180512, 0.0, 5
339, 1826.257923790678, Server_00, 3.7761233727051735, 1455.0931259600454, 0.0, 3
340, 1829.293580415388, Server_00, 3.7761233727051735, 1624.0308471880633, 0.0, 3
341, 1832.3163717246832, Server_00, 4.082246213541479, 2562.201358785163, 0.0, 4
342, 1837.8841732735173, Server_00, 4.3882382694953606, 2184.8839067454705, 0.0, 5
343, 1843.116769691235, Server_00, 4.082246213541479, 1480.1447277254388, 0.0, 4
344, 1846.5021358342983, Server_00, 3.7761233727051735, 1456.2678870354225, 0.0, 3
345, 1849.6609430832443, Server_00, 3.7761233727051735, 1560.7156788832199, 0.0, 3
346, 1856.6644299655347, Server_00, 4.082246213541479, 3865.7602744799588, 0.0, 4
347, 1868.1814039497106, Server_00, 4.694143310325732, 1658.8558788315434, 0.0, 6
348, 1873.1770189149909, Server_00, 4.082246213541479, 1550.35967620163, 0.0, 4
349, 1877.0761895439155, Server_00, 4.082246213541479, 1986.3198451861801, 0.0, 4
350, 1881.6718492486136, Server_00, 4.082246213541479, 1685.285790869644, 0.0, 4
351, 1886.8693688703095, Server_00, 4.082246213541479, 1490.1338645592186, 0.0, 4
352, 1890.2291915299763, Server_00, 3.7761233727051735, 1467.3393507289543, 0.0, 3
353, 1892.7478485727088, Server_00, 3.7761233727051735, 1957.3923389948757, 0.0, 3
354, 1894.728940457066, Server_00, 4.082246213541479, 3909.4602633802997, 0.0, 4
355, 1912.5002793030133, Server_00, 4.694143310325732, 1495.9277355688296, 0.0, 6
356, 1915.3332312766577, Server_00, 3.7761233727051735, 1740.2342312417913, 0.0, 3
357, 1919.3443776532572, Server_00, 4.082246213541479, 1930.869450485093, 0.0, 4
358, 1923.2821207111415, Server_00, 4.082246213541479, 1966.8627145422004, 0.0, 4
359, 1927.7701647789359, Server_00, 4.082246213541479, 1725.6960678209784, 0.0, 4
360, 1932.9067581511792, Server_00, 4.082246213541479, 1507.8086659247056, 0.0, 4
361, 1936.061183390435, Server_00, 3.7761233727051735, 1562.8837667946223, 0.0, 3
362, 1939.9644290324345, Server_00, 4.082246213541479, 1984.2461147365573, 0.0, 4
363, 1943.8983303755579, Server_00, 4.082246213541479, 1968.7834860268242, 0.0, 4
364, 1948.3160786858214, Server_00, 4.082246213541479, 1753.1555570982798, 0.0, 4
365, 1952.9689130685374, Server_00, 4.082246213541479, 1664.5767639549956, 0.0, 4
366, 1957.7819711491718, Server_00, 4.082246213541479, 1609.1640429527415, 0.0, 4
367, 1963.060905163813, Server_00, 4.082246213541479, 1467.1522656883221, 0.0, 4
368, 1966.131025364008, Server_00, 3.7761233727051735, 1605.8003200287399, 0.0, 3
369, 1968.8537680866914, Server_00, 4.082246213541479, 2844.5581492059805, 0.0, 4
370, 1981.3366210609997, Server_00, 4.3882382694953606, 1625.7168277617318, 0.0, 5
371, 1986.659304442443, Server_00, 4.082246213541479, 1455.093125960058, 0.0, 4
372, 1990.0474037414122, Server_00, 3.7761233727051735, 1455.0931259600454, 0.0, 3
373, 1993.3876922845573, Server_00, 3.7761233727051735, 1475.9203991874524, 0.0, 3
374, 1996.3433846906944, Server_00, 3.7761233727051735, 1667.9678811514557, 0.0, 3
375, 2000.997282921154, Server_00, 4.082246213541479, 1664.1962536501592, 0.0, 4
376, 2006.101895299009, Server_00, 4.082246213541479, 1517.255263808038, 0.0, 4
377, 2009.4809887035167, Server_00, 3.7761233727051735, 1458.9712120485547, 0.0, 3
378, 2016.851420984556, Server_00, 3.7761233727051735, 2079.789428887867, 0.0, 3
379, 2021.4225883770966, Server_00, 4.082246213541479, 1694.3155511299817, 0.0, 4
380, 2026.6733409175022, Server_00, 4.082246213541479, 1475.0266633974402, 0.0, 4
381, 2030.0508346113097, Server_00, 3.7761233727051735, 1459.662236835232, 0.0, 3
382, 2036.599272451955, Server_00, 3.7761233727051735, 3183.8539918049287, 0.0, 3
383, 2042.9662732264937, Server_00, 4.3882382694953606, 1910.632718727934, 0.0, 5
384, 2048.288956607937, Server_00, 4.082246213541479, 1455.093125960058, 0.0, 4
385, 2051.659491488719, Server_00, 3.7761233727051735, 1462.6758583955252, 0.0, 3
386, 2054.9109549459886, Server_00, 3.7761233727051735, 1516.2403221779366, 0.0, 3
387, 2061.5731216854383, Server_00, 3.7761233727051735, 2966.008092324181, 0.0, 3
388, 2065.606085090701, Server_00, 4.3882382694953606, 3016.3923590592076, 0.0, 5
389, 2073.498404090441, Server_00, 4.3882382694953606, 1541.3720606580737, 0.0, 5
390, 2076.88650338941, Server_00, 3.7761233727051735, 1455.0931259601432, 0.0, 3
391, 2080.267484804494, Server_00, 3.7761233727051735, 1458.1564920780256, 0.0, 3
392, 2086.476592932116, Server_00, 3.7761233727051735, 4077.385543421573, 0.0, 3
393, 2090.17608859802, Server_00, 4.694143310325732, 5164.217429980665, 0.0, 6
394, 2107.8428782704227, Server_00, 4.694143310325732, 1508.2748268588223, 0.0, 6
395, 2110.5396226504795, Server_00, 3.7761233727051735, 1828.1302582694975, 0.0, 3
396, 2115.1163710682813, Server_00, 4.082246213541479, 1692.2494515702235, 0.0, 4
397, 2120.280641566154, Server_00, 4.082246213541479, 1499.7277937301094, 0.0, 4
398, 2123.668740865123, Server_00, 3.7761233727051735, 1455.0931259601432, 0.0, 3
399, 2126.8655971316416, Server_00, 3.7761233727051735, 1542.1400241332985, 0.0, 3
400, 2129.2060377109506, Server_00, 3.7761233727051735, 2106.441002426831, 0.0, 3
401, 2131.636571623052, Server_00, 4.082246213541479, 3186.542661033456, 0.0, 4
402, 2135.114525610196, Server_00, 4.3882382694953606, 3497.7461015780405, 0.0, 5
403, 2148.4748152596803, Server_00, 4.3882382694953606, 1455.0931259600752, 0.0, 5
404, 2151.812893187466, Server_00, 3.7761233727051735, 1476.8978156450696, 0.0, 3
405, 2155.049200160569, Server_00, 3.7761233727051735, 1523.3412778743564, 0.0, 3
406, 2157.791103780014, Server_00, 3.7761233727051735, 1798.0208950589233, 0.0, 3
407, 2161.235399936466, Server_00, 4.082246213541479, 2248.645194314103, 0.0, 4
408, 2165.161208018758, Server_00, 4.082246213541479, 1972.8422372288617, 0.0, 4
409, 2175.3685678400097, Server_00, 4.082246213541479, 1487.3180010322485, 0.0, 4
410, 2178.6618547006497, Server_00, 3.7761233727051735, 1496.9846869161179, 0.0, 3
411, 2181.3464530087576, Server_00, 3.7761233727051735, 1836.4013659363845, 0.0, 3
412, 2184.0479448933474, Server_00, 4.082246213541479, 2866.934394354465, 0.0, 4
413, 2196.8717411675416, Server_00, 4.3882382694953606, 1554.8717749879054, 0.0, 5
414, 2202.194424548985, Server_00, 4.082246213541479, 1455.093125960058, 0.0, 4
415, 2205.582523847954, Server_00, 3.7761233727051735, 1455.0931259601432, 0.0, 3
416, 2208.5848716405367, Server_00, 3.7761233727051735, 1642.0482704166532, 0.0, 3
417, 2211.257116046667, Server_00, 4.082246213541479, 2898.312737499921, 0.0, 4
418, 2216.12094123391, Server_00, 4.3882382694953606, 2501.1178510088453, 0.0, 5
419, 2224.038326519605, Server_00, 4.3882382694953606, 1536.4921070570083, 0.0, 5
420, 2227.426425818574, Server_00, 3.7761233727051735, 1455.0931259601432, 0.0, 3
421, 2230.5590875031708, Server_00, 3.7761233727051735, 1573.7415962408916, 0.0, 3
422, 2233.2358713379135, Server_00, 4.082246213541479, 2893.3976287047794, 0.0, 4
423, 2246.363503547895, Server_00, 4.3882382694953606, 1496.7458769923305, 0.0, 5
424, 2249.751602846864, Server_00, 3.7761233727051735, 1455.0931259601432, 0.0, 3
425, 2252.9918157277084, Server_00, 3.7761233727051735, 1521.504969363379, 0.0, 3
426, 2255.6804968656334, Server_00, 3.7761233727051735, 1833.612744352728, 0.0, 3
427, 2259.3446379001743, Server_00, 4.082246213541479, 2113.7286821084995, 0.0, 4
428, 2269.4518510312078, Server_00, 4.082246213541479, 1516.4826298198486, 0.0, 4
429, 2272.774847488648, Server_00, 3.7761233727051735, 1483.6007390142274, 0.0, 3
430, 2275.8574756838475, Server_00, 3.7761233727051735, 1599.2846648445502, 0.0, 3
431, 2279.2975702139156, Server_00, 4.082246213541479, 2251.3916208711453, 0.0, 4
432, 2288.7162661294096, Server_00, 4.082246213541479, 1752.7795865839933, 0.0, 4
433, 2294.038949510853, Server_00, 4.082246213541479, 1455.093125960058, 0.0, 4
434, 2297.427048809822, Server_00, 3.7761233727051735, 1455.0931259601432, 0.0, 3
435, 2300.6332207736773, Server_00, 3.7761233727051735, 1537.6592570760317, 0.0, 3
436, 2303.5273034965912, Server_00, 3.7761233727051735, 1703.4758408827308, 0.0, 3
437, 2313.179218288409, Server_00, 4.082246213541479, 1664.9058176264002, 0.0, 4
438, 2317.9033496064453, Server_00, 4.082246213541479, 1639.454849705502, 0.0, 4
439, 2322.9021631417986, Server_00, 4.082246213541479, 1549.3676539892422, 0.0, 4
440, 2328.0370087058513, Server_00, 4.082246213541479, 1508.3218966155557, 0.0, 4
441, 2330.471632170806, Server_00, 3.7761233727051735, 2024.9537848316545, 0.0, 3
442, 2332.914487147772, Server_00, 4.082246213541479, 3170.470647266776, 0.0, 4
443, 2346.055150389454, Server_00, 4.3882382694953606, 1494.3499858479022, 0.0, 5
444, 2349.4423107722178, Server_00, 3.7761233727051735, 1455.4964757757664, 0.0, 3
445, 2352.310307790781, Server_00, 3.7761233727051735, 1718.969708856264, 0.0, 3
446, 2354.357348250883, Server_00, 4.082246213541479, 3783.5109520075844, 0.0, 4
447, 2367.223438899462, Server_00, 4.3882382694953606, 1546.5115447401854, 0.0, 5
448, 2370.595372436146, Server_00, 3.7761233727051735, 1462.0691500485805, 0.0, 3
449, 2373.85774338477, Server_00, 3.7761233727051735, 1511.1708869525264, 0.0, 3
450, 2376.858338653356, Server_00, 3.7761233727051735, 1643.0073231179717, 0.0, 3
451, 2381.2432940164126, Server_00, 4.082246213541479, 1766.2665543307082, 0.0, 4
452, 2386.4300265954544, Server_00, 4.082246213541479, 1493.2329519542914, 0.0, 4
453, 2389.8176515793925, Server_00, 3.7761233727051735, 1455.2968594147035, 0.0, 3
454, 2397.3292192771064, Server_00, 3.7761233727051735, 1962.9174258322723, 0.0, 3
455, 2401.845645914748, Server_00, 4.082246213541479, 1714.8512798703669, 0.0, 4
456, 2406.8799624589, Server_00, 4.082246213541479, 1538.441202906957, 0.0, 4
457, 2410.214348694286, Server_00, 3.7761233727051735, 1478.5329748788047, 0.0, 3
458, 2418.3065068331744, Server_00, 3.7761233727051735, 1594.3557148640118, 0.0, 3
459, 2423.4745388994806, Server_00, 4.082246213541479, 1498.6362121269729, 0.0, 4
460, 2426.785979081251, Server_00, 3.7761233727051735, 1488.778214125726, 0.0, 3
461, 2429.3976329843745, Server_00, 3.7761233727051735, 1887.6926969931035, 0.0, 3
462, 2439.0897400000304, Server_00, 4.082246213541479, 1650.64436385566, 0.0, 4
463, 2444.384168919719, Server_00, 4.082246213541479, 1462.858434306022, 0.0, 4
464, 2447.7695221701556, Server_00, 3.7761233727051735, 1456.2734330203061, 0.0, 3
465, 2450.881011514684, Server_00, 3.7761233727051735, 1584.45022756373, 0.0, 3
466, 2454.9667146033007, Server_00, 4.082246213541479, 1895.6345657075199, 0.0, 4
467, 2463.565212946986, Server_00, 4.082246213541479, 2152.2866652395064, 0.0, 4
468, 2467.383445255119, Server_00, 4.082246213541479, 2028.4255579479316, 0.0, 4
469, 2471.8130400074187, Server_00, 4.082246213541479, 1748.4669440650666, 0.0, 4
470, 2476.6718854151363, Server_00, 4.082246213541479, 1594.0000864604942, 0.0, 4
471, 2481.864751811283, Server_00, 4.082246213541479, 1491.4691442373994, 0.0, 4
472, 2485.0948097237047, Server_00, 3.7761233727051735, 1526.2884238208073, 0.0, 3
473, 2490.843567862995, Server_00, 3.7761233727051735, 6584.235604668646, 0.0, 3
474, 2503.6101805246235, Server_00, 4.9999536060530145, 2349.879392062083, 0.0, 7
475, 2508.7407037724847, Server_00, 4.082246213541479, 1509.5926138193968, 0.0, 4
476, 2511.826407571331, Server_00, 3.7761233727051735, 1597.6906149719798, 0.0, 3
477, 2516.6088581357576, Server_00, 4.082246213541479, 1619.4626365005643, 0.0, 4
478, 2521.7355880453733, Server_00, 4.082246213541479, 1510.7095822374843, 0.0, 4
479, 2524.898631962371, Server_00, 3.7761233727051735, 1558.6252133608139, 0.0, 3
480, 2528.2535829145204, Server_00, 4.082246213541479, 2308.5285330439474, 0.0, 4
481, 2531.98289379774, Server_00, 4.082246213541479, 2076.791193474766, 0.0, 4
482, 2536.983543449966, Server_00, 4.082246213541479, 1548.7987638870823, 0.0, 4
483, 2540.322662515366, Server_00, 3.7761233727051735, 1476.4373187780282, 0.0, 3
484, 2547.4379827516395, Server_00, 3.7761233727051735, 2330.6163839689966, 0.0, 3
485, 2550.7885054340786, Server_00, 4.082246213541479, 2311.5796351994486, 0.0, 4
486, 2554.712646003255, Server_00, 4.082246213541479, 1973.6805711895006, 0.0, 4
487, 2564.6230296928416, Server_00, 4.082246213541479, 1577.269820365537, 0.0, 4
488, 2569.883963463773, Server_00, 4.082246213541479, 1472.1721156791596, 0.0, 4
489, 2572.8327476169616, Server_00, 3.7761233727051735, 1671.8755066114331, 0.0, 3
490, 2575.2242981791087, Server_00, 4.082246213541479, 3238.4847398110405, 0.0, 4
491, 2588.246503668653, Server_00, 4.3882382694953606, 1516.4159053087176, 0.0, 5
492, 2591.634602967622, Server_00, 3.7761233727051735, 1455.0931259601432, 0.0, 3
493, 2594.9393568812825, Server_00, 3.7761233727051735, 1491.7903507493697, 0.0, 3
494, 2597.7667714869413, Server_00, 3.7761233727051735, 1743.6424039591316, 0.0, 3
495, 2602.4782265128465, Server_00, 4.082246213541479, 1643.865845564744, 0.0, 4
496, 2607.5576976439443, Server_00, 4.082246213541479, 1524.7650395300448, 0.0, 4
497, 2610.752423210667, Server_00, 3.7761233727051735, 1543.1685435995862, 0.0, 3
498, 2613.220420814149, Server_00, 3.7761233727051735, 1997.5708213998798, 0.0, 3
499, 2623.355643249514, Server_00, 4.082246213541479, 1508.211201653529, 0.0, 4
500, 2626.7183255857008, Server_00, 3.7761233727051735, 1466.091502889417, 0.0, 3
501, 2629.65896225007, Server_00, 3.7761233727051735, 1676.5076963553865, 0.0, 3
502, 2638.586019183176, Server_00, 4.082246213541479, 1972.2148499319385, 0.0, 4
503, 2643.62527265989, Server_00, 4.082246213541479, 1536.9339994087009, 0.0, 4
504, 2647.013371958859, Server_00, 3.7761233727051735, 1455.0931259601432, 0.0, 3
505, 2650.3955116569787, Server_00, 3.7761233727051735, 1457.6571165113987, 0.0, 3
506, 2657.5537544558356, Server_00, 3.7761233727051735, 2284.2657010652847, 0.0, 3
507, 2661.967996520755, Server_00, 4.082246213541479, 1754.548093669424, 0.0, 4
508, 2667.0502323884666, Server_00, 4.082246213541479, 1523.9355672580357, 0.0, 4
509, 2670.3954159512537, Server_00, 3.7761233727051735, 1473.7606793370007, 0.0, 3
510, 2676.203609998462, Server_00, 3.7761233727051735, 6100.020183307106, 0.0, 3
511, 2687.0976599340206, Server_00, 4.9999536060530145, 2753.7968136238296, 0.0, 7
512, 2695.2871175876685, Server_00, 4.3882382694953606, 1485.446352431076, 0.0, 5
513, 2697.8206622156304, Server_00, 3.7761233727051735, 1945.8903330887724, 0.0, 3
514, 2701.648433021732, Server_00, 4.082246213541479, 2023.3708840805432, 0.0, 4
515, 2706.1935410150654, Server_00, 4.082246213541479, 1704.029917740221, 0.0, 4
516, 2711.4074350854526, Server_00, 4.082246213541479, 1485.4540378924346, 0.0, 4
517, 2714.78935721184, Server_00, 3.7761233727051735, 1457.7508930597742, 0.0, 3
518, 2717.980156835581, Server_00, 3.7761233727051735, 1545.0672500142534, 0.0, 3
519, 2720.6395588792466, Server_00, 3.7761233727051735, 1853.800184798254, 0.0, 3
520, 2723.5726775149233, Server_00, 4.082246213541479, 2640.5341760795063, 0.0, 4
521, 2736.6828860614396, Server_00, 4.3882382694953606, 1499.9614288864825, 0.0, 5
522, 2740.0709853604085, Server_00, 3.7761233727051735, 1455.0931259601432, 0.0, 3
523, 2743.1832675324877, Server_00, 3.7761233727051735, 1584.0466022740118, 0.0, 3
524, 2747.3803439612443, Server_00, 4.082246213541479, 1845.3321333236722, 0.0, 4
525, 2751.4811380124447, Server_00, 4.082246213541479, 1888.6586117956438, 0.0, 4
526, 2755.9491717879023, Server_00, 4.082246213541479, 1733.4246760940916, 0.0, 4
527, 2760.8656757551066, Server_00, 4.082246213541479, 1575.30636640654, 0.0, 4
528, 2766.0636499693524, Server_00, 4.082246213541479, 1490.0035438370987, 0.0, 4
529, 2768.8206585247594, Server_00, 3.7761233727051735, 1788.1700041631052, 0.0, 3
530, 2775.8361223331653, Server_00, 4.082246213541479, 3842.787931838748, 0.0, 4
531, 2787.006463589596, Server_00, 4.694143310325732, 1710.3327070693929, 0.0, 6
532, 2792.267224567546, Server_00, 4.082246213541479, 1472.22047009222, 0.0, 4
533, 2795.17899159621, Server_00, 3.7761233727051735, 1693.1299624825333, 0.0, 3
534, 2798.9043342613377, Server_00, 4.082246213541479, 2079.0033820242943, 0.0, 4
535, 2803.332511568554, Server_00, 4.082246213541479, 1749.0266226193608, 0.0, 4
536, 2808.593093261102, Server_00, 4.082246213541479, 1472.2706447029352, 0.0, 4
537, 2811.951141085052, Server_00, 3.7761233727051735, 1468.114886523813, 0.0, 3
538, 2814.6606068587107, Server_00, 3.7761233727051735, 1819.54688187205, 0.0, 3
539, 2823.384523682368, Server_00, 4.082246213541479, 2079.79940658108, 0.0, 4
540, 2828.593460473956, Server_00, 4.082246213541479, 1486.8677255803573, 0.0, 4
541, 2831.916785093268, Server_00, 3.7761233727051735, 1483.45424077782, 0.0, 3
542, 2834.628604158067, Server_00, 3.7761233727051735, 1817.9678961603734, 0.0, 3
543, 2843.572284212127, Server_00, 4.082246213541479, 1963.9017095279116, 0.0, 4
544, 2848.4232945483595, Server_00, 4.082246213541479, 1596.5746232599004, 0.0, 4
545, 2853.497630771142, Server_00, 4.082246213541479, 1526.3080056119693, 0.0, 4
546, 2856.601126198385, Server_00, 3.7761233727051735, 1588.5314206439957, 0.0, 3
547, 2859.771877157569, Server_00, 4.082246213541479, 2442.639015078168, 0.0, 4
548, 2871.830884585929, Server_00, 4.3882382694953606, 1723.330103199258, 0.0, 5
549, 2877.1535679673725, Server_00, 4.082246213541479, 1455.093125960058, 0.0, 4
550, 2880.5416672663414, Server_00, 3.7761233727051735, 1455.0931259601432, 0.0, 3
551, 2883.874549555945, Server_00, 3.7761233727051735, 1479.200155186447, 0.0, 3
552, 2887.1503604139066, Server_00, 3.7761233727051735, 1504.9708953794552, 0.0, 3
553, 2890.270115792558, Server_00, 3.7761233727051735, 1580.2521036540468, 0.0, 3
554, 2899.4370948996466, Server_00, 4.082246213541479, 1858.6606270294988, 0.0, 4
555, 2904.61763331786, Server_00, 4.082246213541479, 1495.0183503649976, 0.0, 4
556, 2908.005732616829, Server_00, 3.7761233727051735, 1455.0931259601432, 0.0, 3
557, 2911.393831915798, Server_00, 3.7761233727051735, 1455.0931259601432, 0.0, 3
558, 2914.7192762760824, Server_00, 3.7761233727051735, 1482.5086412145326, 0.0, 3
559, 2921.655678828279, Server_00, 3.7761233727051735, 2545.9582225849936, 0.0, 3
560, 2929.7074759088273, Server_00, 4.3882382694953606, 1510.842843939615, 0.0, 5
561, 2933.011666701078, Server_00, 3.7761233727051735, 1492.0445912392083, 0.0, 3
562, 2935.5939101734684, Server_00, 3.7761233727051735, 1909.192550087512, 0.0, 3
563, 2938.751357038154, Server_00, 4.082246213541479, 2452.931223205756, 0.0, 4
564, 2951.999752732769, Server_00, 4.3882382694953606, 1474.8322522816836, 0.0, 5
565, 2955.177649384961, Server_00, 3.7761233727051735, 1551.3405688002783, 0.0, 3
566, 2957.8529061281515, Server_00, 4.082246213541479, 2895.0492395595747, 0.0, 4
567, 2960.4188290401903, Server_00, 4.3882382694953606, 4740.98420608207, 0.0, 5
568, 2978.478682785907, Server_00, 4.694143310325732, 1462.8800882449316, 0.0, 6
569, 2981.3556047305547, Server_00, 3.7761233727051735, 1713.6370380753765, 0.0, 3
570, 2984.37487095643, Server_00, 4.082246213541479, 2565.1928053327283, 0.0, 4
571, 2990.497643916987, Server_00, 4.3882382694953606, 1986.8448623471513, 0.0, 5
572, 2995.82032729843, Server_00, 4.082246213541479, 1455.093125960058, 0.0, 4
573, 2999.208426597399, Server_00, 3.7761233727051735, 1455.0931259601432, 0.0, 3
574, 3002.5385026897, Server_00, 3.7761233727051735, 1480.446651473733, 0.0, 3
575, 3005.203490271491, Server_00, 3.7761233727051735, 1849.9148114931886, 0.0, 3
576, 3007.82967565075, Server_00, 4.082246213541479, 2949.1444363251962, 0.0, 4
577, 3013.2946752251983, Server_00, 4.3882382694953606, 2225.98370489858, 0.0, 5
578, 3018.599088687779, Server_00, 4.082246213541479, 1460.1048833459436, 0.0, 4
579, 3021.974596806244, Server_00, 3.7761233727051735, 1460.5208540401832, 0.0, 3
580, 3025.1375401419673, Server_00, 3.7761233727051735, 1558.6747774829914, 0.0, 3
581, 3031.4622189414986, Server_00, 4.082246213541479, 5846.7003493529455, 0.0, 4
582, 3041.7658763549357, Server_00, 4.694143310325732, 1854.1959649284286, 0.0, 6
583, 3047.0794741621435, Server_00, 4.082246213541479, 1457.581149535648, 0.0, 4
584, 3049.900169166091, Server_00, 3.7761233727051735, 1747.796196717649, 0.0, 3
585, 3053.9025833059018, Server_00, 4.082246213541479, 1935.0821103101061, 0.0, 4
586, 3058.932549085202, Server_00, 4.082246213541479, 1539.7719069725854, 0.0, 4
587, 3062.320648384171, Server_00, 3.7761233727051735, 1455.0931259601432, 0.0, 3
588, 3065.5057320193373, Server_00, 3.7761233727051735, 1547.8400458838973, 0.0, 3
589, 3067.9093380396826, Server_00, 3.7761233727051735, 2051.0848942256607, 0.0, 3
590, 3077.3293638177465, Server_00, 4.082246213541479, 1752.2522240565772, 0.0, 4
591, 3082.5511173398995, Server_00, 4.082246213541479, 1483.2182268163895, 0.0, 4
592, 3085.9392166388684, Server_00, 3.7761233727051735, 1455.0931259601432, 0.0, 3
593, 3088.9920694650705, Server_00, 3.7761233727051735, 1614.8829572414115, 0.0, 3
594, 3097.0927809937166, Server_00, 4.082246213541479, 2497.8137851416805, 0.0, 4
595, 3105.3861604836807, Server_00, 4.3882382694953606, 1466.8326723407524, 0.0, 5
596, 3108.7742597826496, Server_00, 3.7761233727051735, 1455.0931259601432, 0.0, 3
597, 3112.0626012428597, Server_00, 3.7761233727051735, 1499.2360311890773, 0.0, 3
598, 3114.6383398861335, Server_00, 3.7761233727051735, 1914.0140684980129, 0.0, 3
599, 3124.6598046677527, Server_00, 4.082246213541479, 1542.3786358813327, 0.0, 4
600, 3128.0479039667216, Server_00, 3.7761233727051735, 1455.0931259601432, 0.0, 3
601, 3131.4340549385615, Server_00, 3.7761233727051735, 1455.9303589825463, 0.0, 3
602, 3134.591251125395, Server_00, 3.7761233727051735, 1561.5120848554243, 0.0, 3
603, 3143.9867163097374, Server_00, 4.082246213541479, 1762.0433049019355, 0.0, 4
604, 3149.0612809862264, Server_00, 4.082246213541479, 1526.2392921866633, 0.0, 4
605, 3152.4493802851953, Server_00, 3.7761233727051735, 1455.0931259601432, 0.0, 3
606, 3155.7911665505117, Server_00, 3.7761233727051735, 1475.2589210050057, 0.0, 3
607, 3158.3879634048967, Server_00, 3.7761233727051735, 1898.4927495098507, 0.0, 3
608, 3167.7392634431303, Server_00, 4.082246213541479, 1779.9278220180051, 0.0, 4
609, 3173.0619468245736, Server_00, 4.082246213541479, 1455.093125960058, 0.0, 4
610, 3176.4500461235425, Server_00, 3.7761233727051735, 1455.0931259601432, 0.0, 3
611, 3179.8114065297996, Server_00, 3.7761233727051735, 1466.6680760631814, 0.0, 3
612, 3187.096325593879, Server_00, 3.7761233727051735, 2157.6256583889226, 0.0, 3
613, 3191.6996704506105, Server_00, 4.082246213541479, 1682.4722546421078, 0.0, 4
614, 3196.982310868829, Server_00, 4.082246213541479, 1466.1228830358627, 0.0, 4
615, 3200.2676762858705, Server_00, 3.7761233727051735, 1500.594111823093, 0.0, 3
616, 3206.606299692461, Server_00, 3.7761233727051735, 3682.887939750275, 0.0, 3
617, 3213.4151028275587, Server_00, 4.3882382694953606, 1786.6576193534802, 0.0, 5
618, 3218.7365093215726, Server_00, 4.082246213541479, 1455.4422799146098, 0.0, 4
619, 3222.080670218969, Server_00, 3.7761233727051735, 1474.2113646022467, 0.0, 3
620, 3224.8985817005955, Server_00, 3.7761233727051735, 1749.5226632009517, 0.0, 3
621, 3235.127764546013, Server_00, 4.082246213541479, 1481.110955373642, 0.0, 4
622, 3238.511269612014, Server_00, 3.7761233727051735, 1457.0688986220298, 0.0, 3
623, 3241.7044789257952, Server_00, 3.7761233727051735, 1543.901296643242, 0.0, 3
624, 3243.785711776176, Server_00, 3.7761233727051735, 2368.788287720008, 0.0, 3
625, 3252.941314712919, Server_00, 4.082246213541479, 1863.748803217053, 0.0, 4
626, 3258.2535095731305, Server_00, 4.082246213541479, 1457.9660957112499, 0.0, 4
627, 3261.6416088720994, Server_00, 3.7761233727051735, 1455.0931259601432, 0.0, 3
628, 3264.8201489067155, Server_00, 3.7761233727051735, 1551.0265550565396, 0.0, 3
629, 3274.8460349416396, Server_00, 4.082246213541479, 1541.0218111157494, 0.0, 4
630, 3278.2341342406085, Server_00, 3.7761233727051735, 1455.0931259601432, 0.0, 3
631, 3281.5346983187, Server_00, 3.7761233727051735, 1493.684074405406, 0.0, 3
632, 3284.5233668378187, Server_00, 3.7761233727051735, 1649.564000979906, 0.0, 3
633, 3294.743059676762, Server_00, 4.082246213541479, 1483.803786731565, 0.0, 4
634, 3298.06754012185, Server_00, 3.7761233727051735, 1482.9384866090722, 0.0, 3
635, 3301.207021237642, Server_00, 3.7761233727051735, 1570.3231897785338, 0.0, 3
636, 3305.3786155209527, Server_00, 4.082246213541479, 1856.6043277471717, 0.0, 4
637, 3315.142625293402, Server_00, 4.082246213541479, 1625.7313418603878, 0.0, 4
638, 3320.110786365892, Server_00, 4.082246213541479, 1558.9269121900757, 0.0, 4
639, 3325.382743687068, Server_00, 4.082246213541479, 1469.093835204413, 0.0, 4
640, 3328.382868043101, Server_00, 3.7761233727051735, 1643.2652166853795, 0.0, 3
641, 3332.743678791854, Server_00, 4.082246213541479, 1776.0458883052218, 0.0, 4
642, 3337.2593665086315, Server_00, 4.082246213541479, 1715.1318881561624, 0.0, 4
643, 3342.2178112099427, Server_00, 4.082246213541479, 1561.9817234125596, 0.0, 4
644, 3347.366261719487, Server_00, 4.082246213541479, 1504.336107658504, 0.0, 4
645, 3350.5741302319384, Server_00, 3.7761233727051735, 1536.8460337023964, 0.0, 3
646, 3352.5385008779094, Server_00, 3.7761233727051735, 2509.709667119871, 0.0, 3
647, 3365.151562154539, Server_00, 4.3882382694953606, 1597.9117411472512, 0.0, 5
648, 3370.4742455359824, Server_00, 4.082246213541479, 1455.093125960058, 0.0, 4
649, 3373.7514001433888, Server_00, 3.7761233727051735, 1504.3538040158965, 0.0, 3
650, 3376.3441757160394, Server_00, 3.7761233727051735, 1901.4372288920856, 0.0, 3
651, 3380.4693737080242, Server_00, 4.082246213541479, 1877.4856419130458, 0.0, 4
652, 3385.5841661242216, Server_00, 4.082246213541479, 1514.2354507825933, 0.0, 4
653, 3388.9722654231905, Server_00, 3.7761233727051735, 1455.0931259601432, 0.0, 3
654, 3396.0678035146875, Server_00, 3.7761233727051735, 2352.6176975757508, 0.0, 3
655, 3399.503044228915, Server_00, 4.082246213541479, 2254.572719729191, 0.0, 4
656, 3409.785642057871, Server_00, 4.082246213541479, 1466.1347031845653, 0.0, 4
657, 3413.1392077496935, Server_00, 3.7761233727051735, 1470.077062161496, 0.0, 3
658, 3416.216737548893, Server_00, 3.7761233727051735, 1601.9341230367068, 0.0, 3
659, 3419.698221506386, Server_00, 4.082246213541479, 2224.6260774320667, 0.0, 4
660, 3429.4881652342674, Server_00, 4.082246213541479, 1616.929225059051, 0.0, 4
661, 3434.765195535696, Server_00, 4.082246213541479, 1467.6815476885395, 0.0, 4
662, 3438.1522760124426, Server_00, 3.7761233727051735, 1455.5308129954376, 0.0, 3
663, 3441.147468491659, Server_00, 3.7761233727051735, 1645.971013285269, 0.0, 3
664, 3444.8349301846633, Server_00, 4.082246213541479, 2100.360802308297, 0.0, 4
665, 3453.7927740863115, Server_00, 4.082246213541479, 1956.8735383360445, 0.0, 4
666, 3459.0524996846993, Server_00, 4.082246213541479, 1472.5102774133188, 0.0, 4
667, 3462.4172797989695, Server_00, 3.7761233727051735, 1465.177465562068, 0.0, 3
668, 3465.556456034118, Server_00, 3.7761233727051735, 1570.4757014913462, 0.0, 3
669, 3469.7330854995735, Server_00, 4.082246213541479, 1854.3660777328837, 0.0, 4
670, 3478.9155123701235, Server_00, 4.082246213541479, 1851.7956774176741, 0.0, 4
671, 3483.235574076696, Server_00, 4.082246213541479, 1792.7984658683222, 0.0, 4
672, 3488.195893226505, Server_00, 4.082246213541479, 1561.3914681877206, 0.0, 4
673, 3493.4851692235293, Server_00, 4.082246213541479, 1464.283581412192, 0.0, 4
674, 3496.2446381265127, Server_00, 3.7761233727051735, 1786.5756684809824, 0.0, 3
675, 3497.84199592461, Server_00, 4.082246213541479, 4848.631915295466, 0.0, 4
676, 3515.892687687705, Server_00, 4.694143310325732, 1463.9070745679078, 0.0, 6
677, 3519.2566049027155, Server_00, 3.7761233727051735, 1465.5533073171907, 0.0, 3
678, 3522.0896616682717, Server_00, 3.7761233727051735, 1740.1698617331194, 0.0, 3
679, 3524.900570830836, Server_00, 4.082246213541479, 2755.3362816372933, 0.0, 4
680, 3530.587147811159, Server_00, 4.3882382694953606, 2139.248275736693, 0.0, 5
681, 3535.9000139339805, Server_00, 4.082246213541479, 1457.7818866414011, 0.0, 4
682, 3539.1724527650913, Server_00, 3.7761233727051735, 1506.5216660830883, 0.0, 3
683, 3542.088404582071, Server_00, 3.7761233727051735, 1690.7000902047766, 0.0, 3
684, 3545.90273505817, Server_00, 4.082246213541479, 2030.5005160225285, 0.0, 4
685, 3549.983999542212, Server_00, 4.082246213541479, 1897.6961748701306, 0.0, 4
686, 3559.8923161025114, Server_00, 4.082246213541479, 1577.9340849050373, 0.0, 4
687, 3564.903702783505, Server_00, 4.082246213541479, 1545.4804214916508, 0.0, 4
688, 3568.2197275883873, Server_00, 3.7761233727051735, 1486.719880002616, 0.0, 3
689, 3571.485707778105, Server_00, 3.7761233727051735, 1509.500889050517, 0.0, 3
690, 3574.0490703828264, Server_00, 3.7761233727051735, 1923.255020931993, 0.0, 3
691, 3582.074618424485, Server_00, 4.082246213541479, 2559.866805405043, 0.0, 4
692, 3589.3985758325766, Server_00, 4.3882382694953606, 1660.9872671514704, 0.0, 5
693, 3593.930173963088, Server_00, 4.082246213541479, 1709.1100704303578, 0.0, 4
694, 3598.1989109623078, Server_00, 4.082246213541479, 1814.3539884081003, 0.0, 4
695, 3602.2711278336446, Server_00, 4.082246213541479, 1901.912458178431, 0.0, 4
696, 3605.901589858182, Server_00, 4.082246213541479, 2133.3372853519977, 0.0, 4
697, 3608.439700305464, Server_00, 4.082246213541479, 3051.48265249583, 0.0, 4
698, 3617.5147039498893, Server_00, 4.3882382694953606, 2985.2734037778173, 0.0, 5
699, 3622.4856264551972, Server_00, 4.3882382694953606, 2447.231874367425, 0.0, 5
700, 3627.4748315685993, Server_00, 4.3882382694953606, 2438.2641570141764, 0.0, 5
701, 3632.3666669056206, Server_00, 4.3882382694953606, 2486.796705509573, 0.0, 5
702, 3637.210498933989, Server_00, 4.3882382694953606, 2511.441339987455, 0.0, 5
703, 3641.6992987475096, Server_00, 4.3882382694953606, 2710.0785299799863, 0.0, 5
704, 3645.744600190809, Server_00, 4.3882382694953606, 3007.1924603172924, 0.0, 5
705, 3649.5098929043247, Server_00, 4.3882382694953606, 3230.824513677898, 0.0, 5
706, 3656.39881839011, Server_00, 4.3882382694953606, 6440.169340476527, 0.0, 5
707, 3662.7475599207814, Server_00, 4.9999536060530145, 4725.345937469257, 0.0, 7
708, 3667.618271343462, Server_00, 4.694143310325732, 3922.4249482401633, 0.0, 6
709, 3672.429688108742, Server_00, 4.694143310325732, 3970.7639001185717, 0.0, 6
710, 3677.088629469567, Server_00, 4.694143310325732, 4100.7169913418675, 0.0, 6
711, 3681.6580607561064, Server_00, 4.694143310325732, 4181.04547414455, 0.0, 6
712, 3685.853591034993, Server_00, 4.694143310325732, 4553.655612055422, 0.0, 6
713, 3689.9533193380216, Server_00, 4.694143310325732, 4660.064908663762, 0.0, 6
714, 3697.515736025539, Server_00, 4.694143310325732, 7455.852162167607, 0.0, 6
715, 3701.0784170229326, Server_00, 4.9999536060530145, 8420.624810906855, 0.0, 7
716, 3705.353769522097, Server_00, 4.9999536060530145, 7016.965269147512, 0.0, 7
717, 3714.2266067631563, Server_00, 4.9999536060530145, 7746.258913735104, 0.0, 7
718, 3717.7569322807426, Server_00, 4.9999536060530145, 8497.799948065653, 0.0, 7
719, 3721.262910186062, Server_00, 4.9999536060530145, 8556.813764993298, 0.0, 7
